167.357897620958	-700.992338332137	672.913306070902	156.525362665296	-2.70446883979989	1	1	1
167.515808237479	193.450214503586	670.779140161840	-616.691434546254	-2.25897679399540	2	1	2
167.028060095076	505.897484082691	675.154992741193	452.819575474605	-7.31791791356953	3	1	3
651.761113712421	-699.856365561525	-451.300013249524	161.044048526239	3.49772835312202	4	2	1
651.919024328941	194.586187274196	-453.434179158588	-612.172748685311	3.94322039892592	5	2	2
651.431276186540	507.033456853301	-449.058326579231	457.338261335549	-1.11572072064703	6	2	3
-819.116739831424	-700.324973343479	-221.951989768892	159.570808572907	3.20820908711899	7	3	1
-818.958829214903	194.117579492244	-224.086155677952	-613.645988638643	3.65370113292220	8	3	2
-819.446577357301	506.564849071352	-219.710303098600	455.865021382217	-1.40523998665084	9	3	3
168.381100071729	-701.871425992197	675.054934362709	155.895639459760	-4.13815725306798	1	1	1
168.607084773378	194.324373410651	672.066275853166	-615.053027572422	2.77155472556370	2	1	2
165.679512976520	505.321079932316	678.400524550907	452.509948282471	-8.53372634044167	3	1	3
647.867562475550	-704.306831591741	-452.491608939004	161.682289663211	3.58463292718270	4	2	1
651.212681068412	194.805375918152	-457.586973071319	-611.921812067932	6.24122962385608	5	2	2
649.991823071822	508.888378095378	-451.040351442269	457.982870721513	-1.81810635675147	6	2	3
-817.285211315536	-699.422367600319	-221.972413295286	156.840257764129	6.37244951087355	7	3	1
-816.634379765323	192.184165803378	-225.874474550518	-614.308842555352	5.68531101735657	8	3	2
-824.044981271630	511.998660232578	-220.068553197626	457.747850622054	-0.0552314745046081	9	3	3
166.932071241824	-703.667679652484	675.094912562420	156.107497698983	-1.43844552585974	1	1	1
166.381841689682	191.804466940272	669.338897952989	-617.731085340154	-1.19628589533773	2	1	2
170.012933191106	505.053589151461	675.777938097157	452.746702532974	-6.52429212161385	3	1	3
651.522257694263	-700.418517684523	-449.214779695042	162.062200858167	4.60648031309076	4	2	1
655.775814527678	195.052753456469	-452.319834274680	-611.672305110503	4.65590307793313	5	2	2
650.823332614627	505.837003657248	-449.960689127873	455.804667195921	-0.177509551731109	6	2	3
-820.175673145497	-699.347594007077	-223.424394629916	158.587355356858	3.74487662302687	7	3	1
-819.820680414961	191.614008918643	-224.483622469439	-615.501088414974	2.24894752047133	8	3	2
-820.417848463864	507.422850847416	-218.556290129492	455.568153504185	-0.236174796341519	9	3	3
167.446407413575	-700.464602419869	670.634212817863	154.859481140019	-2.16805186178723	1	1	1
168.211760240262	191.819123294510	671.194412041391	-616.165205570676	-3.84770271940219	2	1	2
167.755607216350	506.563519292207	676.075676745296	452.292452552677	-7.18448817791307	3	1	3
652.199017997104	-700.761922196421	-449.557808003093	161.964590667063	4.30351453212970	4	2	1
656.035648920491	197.386531148676	-453.196751334001	-613.093457913582	4.46661414021544	5	2	2
652.489496118608	507.638800015659	-448.181514424541	455.768323763187	-0.509665046908362	6	2	3
-822.179714334205	-702.211314120923	-222.311767630690	158.831027246255	4.62629830897428	7	3	1
-819.863252928999	192.712319905923	-224.636974805637	-612.242774367104	2.12222368402212	8	3	2
-820.832042358620	508.515656070239	-217.865068493819	456.520363901149	-0.312169618956682	9	3	3
166.982781678886	-702.771909677700	673.898379455231	158.757919696395	-0.370228935873463	1	1	1
167.630228186955	193.062875209218	669.464389891861	-617.090964036778	-3.37568249180364	2	1	2
167.629181310091	506.791924319660	676.404279677427	450.393674937053	-10.5135892927233	3	1	3
652.345987694646	-699.650201579419	-449.675711456139	160.723301817831	1.65969780099704	4	2	1
651.931891508059	197.198869525266	-453.756525190831	-612.703789681387	1.68774420839039	5	2	2
651.572308453069	507.366828797798	-447.217977496451	456.248582808196	0.153699168357787	6	2	3
-820.000555154038	-702.089243046329	-224.725726595174	158.978289285509	4.79975989614694	7	3	1
-821.232976366315	195.362384338456	-223.205466804093	-614.122504506168	2.46233344829784	8	3	2
-819.502945729216	505.841367048506	-222.414430745913	452.367846420460	0.546212660834618	9	3	3
169.923808992560	-700.918796561457	672.881979234477	154.795267197407	-2.11477262191263	1	1	1
165.809538091113	194.814563948335	670.986224032072	-618.494127108803	-2.79817852219135	2	1	2
163.746872844240	505.399258197035	674.133336107757	454.531227711929	-6.14186172021374	3	1	3
652.246122002060	-700.646409322871	-448.759648030393	162.012660377330	3.30240963538469	4	2	1
652.665007079205	193.071628077332	-453.854614743532	-611.964120498323	5.17753152619465	5	2	2
651.987558740972	507.218528309009	-447.882179850818	457.764574418835	-0.267745234402935	6	2	3
-822.034437312467	-700.743754229440	-223.074450673015	159.627114887074	1.72875288532466	7	3	1
-819.449155524115	196.827307247893	-222.646655868990	-614.149743545294	2.53626056536268	8	3	2
-822.861237996970	506.465624283022	-218.327277293045	456.032002366130	0.563483058343435	9	3	3
167.223466028945	-702.781554637150	670.882749016512	155.124896797494	-13.9278164408062	1	1	1
165.049961991259	193.243683255165	670.771178832030	-619.093460908291	-13.4575241518644	2	1	2
170.034886001735	504.594001875313	671.543505995825	453.699021340880	-17.4914845697479	3	1	3
647.750131641569	-697.472594143769	-451.442937827601	160.347334484491	-3.57615603187372	4	2	1
656.425083018354	195.582493296150	-451.646735762408	-615.240387038874	-5.21806547091972	5	2	2
644.521584107821	505.482713286815	-451.047660308486	459.075252690862	-7.78759139636541	6	2	3
-819.695830135906	-700.975804093020	-224.517604900127	159.264489403617	-6.37250212209312	7	3	1
-819.275944991133	191.727337545490	-222.138776376364	-614.771836075330	-5.88771761083155	8	3	2
-822.456547985565	507.036831598896	-220.242854252144	454.395624630377	-11.7778119225169	9	3	3
166.172587301518	-702.065572469625	673.117802758683	156.583623657568	-1.13470356412508	1	1	1
167.120648831163	193.154861329053	670.244518415007	-617.978919920082	-2.59387166183077	2	1	2
167.161628766880	507.012168370181	673.395805220389	454.897297037453	-7.86635752991006	3	1	3
650.012069615342	-700.772171681013	-452.625986427739	159.023020605964	3.15089601391250	4	2	1
652.132326505851	194.783098778193	-453.720570569550	-612.858611432984	3.22736650709921	5	2	2
650.429880411984	505.357991342149	-446.548025366765	458.212209194610	-1.39273304105872	6	2	3
-819.117790496090	-701.210512334065	-222.880958235671	160.588877147599	1.09279862335190	7	3	1
-819.703541966555	192.864802928919	-220.948127858819	-613.297661748891	3.32343452981025	8	3	2
-818.028207945383	506.602459486303	-217.540814068247	458.090513289933	0.217589777905821	9	3	3
165.027207992647	-700.832325557971	675.165057387054	157.224831900125	5.59177579349292	1	1	1
166.925367158781	196.365405963297	671.731554360572	-618.006090827073	5.92737983361674	2	1	2
166.893731427614	506.461295199062	676.254624186683	452.382067544635	2.52245641390099	3	1	3
653.111063819187	-698.520012197756	-450.045769636066	161.955062705305	16.0455481683130	4	2	1
652.569555296783	194.949346597879	-451.630414431054	-614.712805697836	11.6863103813549	5	2	2
649.400601634946	507.012781102941	-450.411763522128	458.132413444454	9.62332847274650	6	2	3
-819.514171428641	-699.356835810842	-222.120011362615	162.105020570353	11.9298433404052	7	3	1
-817.131531051402	196.417844126515	-225.651885450340	-612.737475341407	13.1155884882575	8	3	2
-818.539388482454	509.296830979092	-217.855080426524	456.250529749857	7.92696711245308	9	3	3
168.663530802520	-704.397018655134	674.843464185566	155.611217254141	0.277558776422676	1	1	1
167.045061248706	190.980632713151	671.129718226256	-616.121105600161	-2.28478531491684	2	1	2
165.979426978109	503.424075552726	674.941627630509	455.305383804828	-5.49854275517520	3	1	3
653.154423619453	-702.212926099505	-449.630699861356	161.354913192949	1.44468275790213	4	2	1
653.115725505156	194.165339649720	-452.975680453256	-612.658635365268	3.58451908324755	5	2	2
650.125774693216	509.157851988828	-447.904770663534	457.310280800968	-1.92679634095767	6	2	3
-817.343362669104	-701.700532484623	-220.175894670875	161.087687491694	3.78175651623019	7	3	1
-820.074434353466	193.583065201963	-225.166103536892	-611.237980402819	3.28586441159055	8	3	2
-819.861566822745	508.720364322711	-221.802237816812	456.524690859767	1.12736835937678	9	3	3
162.631144215300	-706.149813559942	660.406913479125	148.231020117734	-133.478440468142	1	1	1
162.070094186071	189.563760973759	660.824491784104	-623.682795072167	-130.828264143979	2	1	2
163.028027408512	499.448393341879	661.024762555659	444.731024634780	-141.475459595230	3	1	3
647.289134870334	-706.315372709639	-462.408408411871	152.302216230772	-121.880762816514	4	2	1
652.835421744994	190.550789559658	-471.455602331483	-622.551083225331	-121.612806174525	5	2	2
652.405033369794	501.118356734224	-463.235965308478	451.980002532937	-131.551307446023	6	2	3
-826.511547446799	-714.147146845290	-237.594985826879	159.311185076983	-126.212744107448	7	3	1
-816.487276965957	189.314068977040	-235.894599222437	-623.506701747862	-123.496629772585	8	3	2
-823.813068123924	497.921930821564	-232.197592583571	447.869580375482	-125.297180534047	9	3	3
165.831282947175	-711.746835800405	661.566647753079	150.192555376453	-131.497510821677	1	1	1
166.463908784980	185.021100310698	653.004677416078	-623.440313368571	-131.646526509567	2	1	2
165.929034136240	499.980998769159	660.629576917443	447.094791938183	-140.471021243888	3	1	3
651.944194149764	-706.779228504017	-455.860150369896	148.938584786349	-126.203960515891	4	2	1
648.968486198544	189.916355812747	-461.564345751797	-623.566500346375	-123.730675127978	5	2	2
650.922424107634	501.426874751950	-459.375698918427	448.309011283853	-127.283872718052	6	2	3
-817.932674170247	-701.572562390466	-232.683242575053	151.875740500900	-133.203336201944	7	3	1
-819.115596576160	186.752109638790	-237.221688322856	-618.950883481957	-128.480533842334	8	3	2
-823.315194109453	497.739681670760	-234.136161209561	451.105978265741	-130.189944543644	9	3	3
171.190478879883	-694.207357049012	685.173248658502	167.755119829370	129.243388600833	1	1	1
168.750148911329	197.461990592318	679.451423934604	-611.788763698248	130.808911289692	2	1	2
169.595463500321	515.329577481996	690.233183321211	457.915074939911	118.839141812611	3	1	3
652.599337217832	-695.697147753135	-435.026590264288	170.563740050693	132.180967511960	4	2	1
659.061592756562	200.406177155561	-436.146126821871	-603.800993409983	136.510865894929	5	2	2
654.761725779728	511.937811930888	-433.222424289621	463.317760622985	125.750755427972	6	2	3
-816.672741311373	-694.144639784041	-203.640038270910	165.379177445336	133.332611068555	7	3	1
-821.818418535699	197.949581448464	-214.793619865885	-607.319852565363	132.739178708387	8	3	2
-816.989264619723	511.646373990894	-203.551449940677	462.991488683454	127.220053933978	9	3	3
165.763867345403	-701.868473412812	657.378106644569	156.269423281623	-132.318319424795	1	1	1
165.319847279987	189.170091913329	658.355908648982	-625.629967145907	-135.280171746085	2	1	2
167.641030509647	498.802084515557	659.774492785904	442.356663213008	-135.435746950428	3	1	3
645.668161933443	-701.521836024499	-453.668225749839	146.851343265986	-128.360527710108	4	2	1
649.165401229813	193.713729993824	-466.067495816854	-617.215112108208	-121.127341087776	5	2	2
653.017679904750	501.305954027301	-468.002394090979	448.818854999239	-130.602243009429	6	2	3
-825.606120109829	-708.036583664659	-233.098804649857	153.630291511300	-130.221225479809	7	3	1
-822.561422629686	188.172527000856	-239.920021574243	-620.320712315481	-125.162873957385	8	3	2
-825.760308721274	498.057050584700	-234.657125615287	445.826405628534	-122.980503092837	9	3	3
168.457776766136	-693.561433532261	683.315923763597	163.589859034879	131.215921056002	1	1	1
173.267339249149	200.965949197597	677.699859037219	-611.827735988341	132.618087567317	2	1	2
174.685323471670	512.226775172299	691.714384743000	460.964849547560	123.737512239561	3	1	3
655.803212225443	-695.016412581639	-436.596421852213	174.801035734759	131.019814599659	4	2	1
652.095955351510	195.899682433349	-442.458050921168	-602.957820221594	130.860839843610	5	2	2
654.620772293298	506.469046047783	-436.328601202433	467.418762596230	130.359518078598	6	2	3
-812.801357707926	-695.513960244307	-208.916055463795	170.789192814945	133.418941474927	7	3	1
-813.384555587234	194.378089369082	-214.935948423689	-610.770999717463	124.637980090436	8	3	2
-817.316967731623	512.118045829677	-205.946277665797	468.813653686692	132.419119148800	9	3	3
164.245962302567	-692.701823872790	690.290062316358	166.238101102144	117.588378138535	1	1	1
170.025685457496	200.566556540322	685.092891617692	-605.938600464502	123.588114605534	2	1	2
168.667065833586	511.830904924665	687.485162460722	458.227624450579	119.686877019713	3	1	3
655.383473193423	-695.851792374846	-443.601639341150	165.266672760866	137.991195785223	4	2	1
650.476992352571	201.280322135391	-442.294113347996	-603.848310224556	136.101748889522	5	2	2
651.959877388418	514.325626162434	-431.436305730887	456.652300017059	122.322399320361	6	2	3
-819.760642045938	-690.037607164562	-214.570175025702	168.760086939489	131.278115375715	7	3	1
-817.732927880467	201.308544174576	-215.135679711155	-606.020286423091	133.957710594866	8	3	2
-815.319428968644	518.777435960324	-211.451858632352	465.532557423163	130.699801475369	9	3	3
169.563092491040	-710.442457955229	660.929769306025	150.639878945433	-134.246025628171	1	1	1
170.881091779996	185.025309058332	658.817051773965	-620.761933599865	-134.345870429147	2	1	2
162.668238726660	505.349526406133	663.698687260698	444.845487413538	-135.238817031863	3	1	3
650.667115074272	-708.546110823024	-462.618027336891	157.156586879784	-120.376893516096	4	2	1
648.311717261630	188.906741760818	-470.443782746804	-620.582053378999	-125.495983840692	5	2	2
648.148029995080	503.168136539189	-456.240169663674	454.407145134861	-126.760264098770	6	2	3
-815.831459200174	-703.227760380292	-236.408311585300	152.109507293061	-132.898411354930	7	3	1
-820.914694803582	191.318297871967	-238.488508337255	-625.181328097690	-126.874158900890	8	3	2
-825.541742635629	499.977001387769	-231.512813252749	456.440045275757	-129.771694143461	9	3	3
164.472934571607	-691.928094635247	687.013110181158	166.207658772869	125.232922117027	1	1	1
170.497494834012	197.057838192569	684.744263320195	-608.358283837305	130.715678705133	2	1	2
170.166248945598	514.025385978890	688.671632258738	459.387741347003	117.541483383531	3	1	3
650.956833461705	-696.404004105843	-442.229554488341	164.073849973854	137.073141377710	4	2	1
657.049933941304	205.031971744411	-440.448953332932	-604.979266064905	139.000865285194	5	2	2
651.942170074994	515.797601284630	-439.905213167685	461.713055565676	126.339736252585	6	2	3
-820.123226050644	-686.019145792949	-211.216159364246	163.129855088823	137.044294882901	7	3	1
-814.504587290103	202.786265090267	-215.138863357701	-608.581683357326	133.809408061663	8	3	2
-817.555656043257	510.577127674167	-204.123197819860	465.271943007762	124.823307981713	9	3	3
170.986451150221	-708.856574209232	660.190151579747	149.197916778565	-134.833322600038	1	1	1
158.628454115373	191.526208023868	661.130044344041	-619.004258451943	-131.113529280048	2	1	2
159.647450257787	494.044535573155	660.606669093127	442.093988523689	-138.874765745108	3	1	3
641.453417749676	-709.746627806660	-463.904721359083	152.421361075326	-125.361442197969	4	2	1
654.617990179155	189.562351155673	-459.218482977102	-618.892594057097	-126.687107487907	5	2	2
651.419242536518	501.261953812284	-459.005014274749	446.582841253854	-136.661515881286	6	2	3
-817.279954634845	-702.350336780739	-230.447100764769	149.983159980289	-128.364123918799	7	3	1
-824.408413336937	186.253849090318	-238.721140314433	-624.568019751703	-127.625550889892	8	3	2
-815.948393930352	504.656198937475	-232.042267800636	443.382492053706	-128.980236814327	9	3	3
173.323927005226	-690.418654093171	679.650815490169	162.777522007450	128.469314336043	1	1	1
172.049594943849	202.514923297616	686.832322611964	-606.355333206408	125.616863400739	2	1	2
160.118952791865	513.376625611991	691.177074316821	459.508316129573	123.593369955433	3	1	3
656.203141188317	-697.123607202598	-439.292905988732	172.840020600490	130.582240114089	4	2	1
653.396033795870	204.560777132424	-435.737208569669	-607.294611358203	137.614695242863	5	2	2
656.401272909799	508.912351045049	-435.272458419816	464.087021548888	127.740318677641	6	2	3
-815.970502855966	-695.635884172832	-215.066291456796	169.146180548825	131.536584811415	7	3	1
-821.492957004666	196.781120596603	-209.656930755882	-610.756017916278	126.931009485891	8	3	2
-817.678512695906	509.854791778508	-207.884723345743	458.724036275097	127.590421702135	9	3	3
163.625070337807	-703.456795783330	660.467797628175	142.344200796723	-133.065090122894	1	1	1
162.869498427998	187.306110124130	658.273959665132	-619.011668780467	-128.060881337275	2	1	2
170.580041308684	499.351566907316	663.684287776981	445.929909281773	-132.896851985707	3	1	3
645.807796078217	-708.345039730663	-461.014383069586	155.684378726425	-130.511575912960	4	2	1
652.474819227754	189.017792838496	-469.301045561414	-622.696390968835	-123.687169859876	5	2	2
652.563478930140	493.079200883341	-463.643220424531	455.184156522386	-132.708683665414	6	2	3
-819.187543938269	-713.905963910323	-234.953912229542	152.672933402335	-128.013923997162	7	3	1
-820.464374582267	185.537146826806	-235.190738539899	-619.868882572661	-130.459944499205	8	3	2
-813.374683739908	496.746314071215	-221.944343287147	450.813712827901	-128.660261208339	9	3	3
163.826338385832	-709.695235269312	657.838296939880	143.020881664913	-130.353478518574	1	1	1
167.298878581587	185.001263439803	657.509956559860	-627.526099517464	-128.288802026259	2	1	2
168.955239616767	500.709129168743	667.255903924014	444.991987967567	-130.636651723946	3	1	3
649.317758928400	-703.086662613121	-467.566596334866	149.210250501788	-129.247604231145	4	2	1
650.004339582177	187.867676271861	-470.004997088068	-618.816811023067	-127.014028697780	5	2	2
652.085930845188	499.878668989517	-463.213279027886	452.824699910374	-128.810065270579	6	2	3
-821.479297481350	-703.490983073273	-231.185684961135	151.025721983756	-128.721177871970	7	3	1
-821.765291072040	188.553300055625	-235.722067431751	-622.782140734300	-127.446645631139	8	3	2
-823.664475560120	496.989792060067	-234.800761472881	449.829165185016	-136.408535442744	9	3	3
169.104970718608	-694.817774222069	681.903956411628	163.754109031254	128.179922244126	1	1	1
169.080167559660	206.265067051307	676.369674141346	-607.234634333869	125.285819291682	2	1	2
168.133313234689	515.525030815981	688.920875664811	459.587503922126	121.833177111098	3	1	3
659.374784821298	-698.425623644104	-438.954146053130	170.536446358903	131.217394003515	4	2	1
648.764162801894	204.780866533787	-442.914744707256	-606.904335911853	138.703980845341	5	2	2
657.061309723477	518.853444546637	-440.036201738489	464.667071087330	132.256230198835	6	2	3
-819.931430427780	-696.155062890604	-207.079095514427	163.174577229450	135.044428857487	7	3	1
-811.316747213346	202.946130132228	-213.737423950927	-608.497436934457	131.007269795545	8	3	2
-816.985354962615	510.641461929869	-207.298216041057	462.761770476448	133.716068074720	9	3	3
167.348007151102	-710.161004766343	658.558031125559	147.216010503382	-127.797142008641	1	1	1
167.157464045254	189.985423642360	654.344907013533	-616.827237224454	-134.095490988161	2	1	2
167.415878697312	504.183068312302	668.079157715177	444.794223158554	-143.553446327872	3	1	3
649.628003846963	-705.738515873617	-461.102286341002	156.028477392150	-129.490754260459	4	2	1
644.989881531227	189.735279192068	-467.063272651558	-622.557937628873	-124.675793328505	5	2	2
646.985434097207	503.537799060659	-465.706681518835	447.753893341190	-129.885781687212	6	2	3
-832.419625514615	-704.899410994655	-233.612739464411	154.874784880036	-126.839453444575	7	3	1
-819.265513252306	190.550270576788	-235.702525612865	-622.940301519953	-129.578650398114	8	3	2
-823.921034291955	494.267454280807	-229.376647826977	444.526715499927	-123.712633527024	9	3	3
166.536331060638	-689.997253996758	681.174062205764	169.105181311909	124.480253300177	1	1	1
170.073004875432	202.585521205818	684.916321575309	-611.208649056285	124.313839748697	2	1	2
165.667491132545	512.022608189735	689.614811827891	460.080778224842	119.948627672513	3	1	3
658.093788355789	-698.707886754265	-437.897314489269	162.059427765370	131.125271354651	4	2	1
653.379030036601	201.812368942869	-437.526737779228	-605.964589052292	131.619722409764	5	2	2
648.474812974605	516.679712337810	-436.287606710635	460.457421643019	132.693837132989	6	2	3
-817.227634101088	-693.041850614487	-210.200612328941	165.268622826771	133.805701712523	7	3	1
-816.217617722806	202.161058460552	-210.579826621012	-600.309164364431	137.404326737759	8	3	2
-817.518112409010	511.783539641466	-213.952594963280	463.268035012820	132.634063723421	9	3	3
168.243173371227	-689.520477971511	680.072282138634	172.121643476428	126.846388355051	1	1	1
172.028626608737	196.064267160084	689.315824653672	-609.125276554083	122.769008728024	2	1	2
173.952667424078	514.894403447834	688.817548227869	457.846927364096	124.709494071773	3	1	3
651.575452394310	-694.108089918947	-434.518434175955	170.805684076406	130.143566083661	4	2	1
655.739303935486	201.684283689767	-438.308523483792	-609.281090053858	132.951881163307	5	2	2
654.632508978016	520.548719631586	-434.762324227337	466.703037945752	122.305125817386	6	2	3
-814.791907402715	-697.860246799898	-211.797095725986	163.829619422230	130.766403776294	7	3	1
-813.451345312497	207.452392063631	-213.727425817902	-605.083030995997	135.800891386870	8	3	2
-817.729642784662	511.625798160649	-201.634515415318	457.529014178865	128.515009359489	9	3	3
165.163736208034	-702.240188138184	663.566005835576	154.609606065184	-132.247796952098	1	1	1
172.807065401374	184.948663971906	656.723017291253	-620.242231736771	-125.669022978087	2	1	2
163.949000523030	506.184391868355	659.688928063125	446.085419548335	-132.756786610162	3	1	3
651.197904972516	-708.006841189837	-459.212285868569	153.732410054770	-125.495492401849	4	2	1
649.895614751129	185.176378037107	-464.286476565041	-617.893774169491	-129.486488780895	5	2	2
653.407459089694	496.775970079515	-463.538952412218	454.824339371348	-129.036413601468	6	2	3
-826.031503772672	-712.982675720031	-235.470532559656	149.102030126545	-127.123710689569	7	3	1
-826.455836549162	190.307902479906	-235.554301593100	-617.597947155935	-125.519039874564	8	3	2
-820.426779865235	501.079646784700	-235.081562747842	450.857101325695	-138.557211695539	9	3	3
169.159203497104	-695.318015821472	689.343489658012	162.252681420886	122.695614463047	1	1	1
170.065895517909	202.316516222798	684.279608460231	-612.651318433742	131.521795423005	2	1	2
166.611715839411	510.491965269281	685.552373533366	459.472829604076	122.716483777361	3	1	3
657.509701766830	-690.551065032935	-436.869956616855	168.064729508659	128.090841580746	4	2	1
648.378102972809	201.609145096214	-442.746932377442	-600.172045859210	129.779822823469	5	2	2
655.333443599881	512.061046212489	-440.728986693511	465.738982795129	124.085374649326	6	2	3
-823.085537716556	-696.355995046871	-217.715071153428	168.870490955914	131.516749189089	7	3	1
-816.204394323745	194.289877551803	-209.729911192285	-613.137510220025	127.340675029159	8	3	2
-816.964522953403	509.736418115927	-209.599642970035	460.521993142183	124.800213938238	9	3	3
165.949343788588	-709.463132080021	662.490238595374	147.388542949572	-127.889664642975	1	1	1
166.298721626426	189.453993316526	663.638254185566	-622.283039144010	-133.178402172190	2	1	2
164.441595824923	499.328751946796	665.622531251254	449.352194663168	-135.346185808634	3	1	3
646.509391551251	-707.185399086173	-469.150338746942	157.622318219550	-114.328016336715	4	2	1
646.556549678190	191.023693920565	-459.583195947680	-618.288622944555	-122.422275902973	5	2	2
653.121556918761	500.234582380224	-461.295144531345	444.967191741577	-135.968000047158	6	2	3
-820.461332569137	-705.531124210563	-234.041132934204	155.062142239945	-119.895144572052	7	3	1
-818.709773197918	189.535244845721	-232.384471207378	-627.253199445870	-120.572996657304	8	3	2
-817.578164597933	499.395374597416	-231.718158556465	446.333871578456	-131.923302679504	9	3	3
168.280575659009	-693.578725537649	683.017937771857	166.638942609195	121.079649683331	1	1	1
164.918855237691	198.974266189816	679.508943358023	-610.117873734985	129.107507879645	2	1	2
170.123058401776	512.871929987513	685.062020593947	464.767298989306	118.088668323995	3	1	3
650.027153652753	-697.084629653881	-437.637491289503	172.919971838569	134.255976707633	4	2	1
654.819567694932	200.278560058468	-437.249107232881	-601.495409675945	127.607822565330	5	2	2
648.929994836976	517.289712582647	-433.896603758571	467.026798763968	125.659342622703	6	2	3
-820.052618385620	-695.844096876767	-200.211871679232	163.526990126533	134.187835976706	7	3	1
-814.451199166535	198.200238234351	-211.657168840709	-604.039660209774	133.802089311457	8	3	2
-816.609149812011	510.547491715974	-211.840503760576	464.432574626100	126.513661818677	9	3	3
162.822458666427	-706.318217814252	659.795467331687	150.191419494735	-128.227288044794	1	1	1
161.171171324701	176.484001392199	662.672463624609	-626.122303498067	-129.135479272956	2	1	2
165.626500230644	496.953141674781	656.810447360727	448.000289111104	-138.884816860524	3	1	3
646.209953469310	-699.937654552098	-466.758174928671	155.459824376533	-130.251850502603	4	2	1
644.430690584488	193.229474316271	-464.759415568272	-618.333612781240	-125.184537130000	5	2	2
653.260427571091	498.752726914263	-464.056448899166	445.663241848409	-128.878209191730	6	2	3
-814.141213417800	-704.305072856329	-239.801516365001	150.111406441486	-123.199549099410	7	3	1
-825.443235487751	183.431757890731	-238.203877939253	-620.264777430522	-127.749138796741	8	3	2
-818.863923560449	504.128892951843	-235.479181935213	452.571849645120	-128.499666352567	9	3	3
169.057831245756	-703.637431603253	659.632473998729	149.622076742614	-133.327046572918	1	1	1
168.429668046422	186.791059119568	654.559261727748	-630.810863699240	-123.973372392208	2	1	2
172.931952270821	502.616750130476	665.249319120148	446.200667130454	-141.231525831119	3	1	3
651.491798041441	-708.344739463770	-458.596381181408	152.809829730105	-124.610290561746	4	2	1
651.752409253570	189.796747818970	-464.841650995226	-622.367754658325	-121.150069805063	5	2	2
654.764941850634	500.214052582803	-467.380659126060	456.607783758460	-131.491336992769	6	2	3
-821.177640082070	-707.250834500821	-230.809581002192	152.914066356934	-122.078608990534	7	3	1
-823.750722402419	190.162247791063	-230.917667865609	-625.017677659502	-122.595771481081	8	3	2
-818.658661763454	501.640362838348	-230.575042554835	444.877852551339	-136.793074330211	9	3	3
171.492318294594	-700.513432745981	686.105901528393	165.809625882270	128.868420239157	1	1	1
171.910220827390	198.247814547359	685.893125750699	-608.101556082921	127.319819843063	2	1	2
170.356581032623	513.333882958959	686.336148899389	458.874958789813	124.580259566280	3	1	3
654.280300130476	-695.538148023705	-438.530790318551	168.542624604791	134.784906972209	4	2	1
649.106178411309	198.156432623152	-445.591706141267	-608.514255346676	131.738229260667	5	2	2
652.257029992913	510.537229507046	-442.373501599068	462.094663857287	123.780634076772	6	2	3
-817.477320948039	-694.558353887591	-204.878857342957	168.643948668095	127.957119149033	7	3	1
-814.198910676686	197.991838094998	-206.384749487623	-601.555540372611	136.833557030686	8	3	2
-818.079885852425	518.464523765855	-202.272288908109	463.270813165120	133.260093093582	9	3	3
161.228970676863	-705.544774092983	662.411604782768	150.100562942277	-133.248086515405	1	1	1
167.048751752479	189.877631370515	663.319541167958	-622.560681550091	-125.339001907465	2	1	2
169.131042253890	509.684944023901	668.476706772974	440.933040166630	-139.466252622023	3	1	3
652.492886546523	-711.914352010220	-461.495317870700	150.669083652548	-120.248959157299	4	2	1
656.807414692543	184.418605141172	-467.537621186388	-614.483738314751	-122.175252826178	5	2	2
644.659590652733	506.945150409716	-462.093588888171	442.651836853116	-128.324245819551	6	2	3
-818.723927256067	-710.538542900496	-238.235169039683	153.822762337928	-128.523268351683	7	3	1
-821.841195308337	187.499680105331	-234.907608210598	-624.125116414146	-122.862535416067	8	3	2
-821.720732764171	499.647670312195	-231.321852701090	445.412519316243	-126.927041136981	9	3	3
170.547443086624	-693.693935925844	692.840331574154	167.763643493433	124.423557085409	1	1	1
167.752013110493	200.369478186968	681.645018997098	-608.432232984484	127.940484726578	2	1	2
165.138835359440	510.032330285851	685.927965398022	457.265091064974	126.197214703353	3	1	3
661.319656175981	-696.121867206387	-445.685992609049	168.891480794099	136.871887187685	4	2	1
648.962613940692	205.277786526957	-441.328334066748	-605.361161372352	131.488716629408	5	2	2
657.891692335846	514.534119212878	-434.733800915918	460.164404704500	125.093701767062	6	2	3
-819.704818179198	-687.535050181864	-202.644071217782	169.436095830112	128.340917361262	7	3	1
-816.933613378932	199.007366504347	-213.877317221442	-605.559831810682	127.117795134088	8	3	2
-816.261749212959	513.681378550783	-213.734057830162	466.507045419599	126.080468298516	9	3	3
167.796228225237	-691.030454723496	687.722337254058	160.916450011666	127.747603959296	1	1	1
168.866180671379	193.928807015509	679.753498259154	-609.258604460559	130.072411582065	2	1	2
165.604861046589	511.861751369560	683.578136369706	461.901257707393	121.944489008265	3	1	3
652.729476603358	-689.477846574122	-442.576828797007	170.296200815269	135.473163013928	4	2	1
651.463998639371	198.162352184370	-448.175071645554	-607.799839299021	132.401560090869	5	2	2
651.199757151686	507.843693940114	-435.818915083801	464.414777813870	123.250587523671	6	2	3
-819.590436818696	-693.435854000705	-204.352141301753	169.279494269635	130.847222505567	7	3	1
-823.253316354301	201.812111536883	-212.888890614828	-603.874201759288	126.717126628081	8	3	2
-823.880533588084	516.588456996412	-208.917556084659	461.248125026463	118.731108096836	9	3	3
167.617616045361	-718.273460396452	659.814960533987	147.807756177965	-130.441931253196	1	1	1
170.519298214800	190.339406369604	658.877727472294	-622.934046495502	-135.079092956416	2	1	2
166.946017543447	494.979848390043	658.993011876506	447.562792092460	-137.082143948604	3	1	3
649.835832302152	-707.338071370947	-458.357280704031	151.809240294814	-122.399066404881	4	2	1
652.070630185844	185.494443781762	-470.683732144708	-620.800155889006	-124.727289274671	5	2	2
656.930440923282	501.910822536708	-459.757656204019	451.368330963010	-129.090774676157	6	2	3
-822.087707215525	-701.215721558474	-227.851521995921	151.968744587578	-131.891808970813	7	3	1
-817.451724767556	186.520730407215	-234.423261098391	-618.255988307489	-123.534864777407	8	3	2
-823.934150773189	501.626613943706	-233.545140792216	447.838026292126	-131.618446341286	9	3	3
169.923874022234	-694.876236548481	683.772810399263	156.083014283894	125.916266464040	1	1	1
169.696315946430	200.350790890344	680.687234989632	-611.730296444599	119.153295868355	2	1	2
172.709643395948	505.247436156805	688.611746852813	465.558563855513	122.899131776839	3	1	3
645.466164045058	-697.062569342633	-433.462064302723	167.145509482482	131.694648436752	4	2	1
660.143643924757	201.729673341616	-446.580619621420	-602.503252948939	130.614145612531	5	2	2
650.337358700640	520.865286703935	-433.856283582713	456.233542171893	129.901092408102	6	2	3
-814.777750056281	-691.354082276718	-209.067027257221	173.952090917255	133.264548553097	7	3	1
-815.696561531783	200.342252744654	-210.676946016649	-605.723412585145	129.480916743696	8	3	2
-819.071321018714	513.234790395012	-207.920332725964	464.129536867136	129.147270147992	9	3	3
165.223845716235	-705.818496389537	663.329366775347	149.551583915625	-127.195522492870	1	1	1
164.271616254701	184.073566555009	650.120542204479	-624.111992413954	-134.135114734711	2	1	2
163.768314844112	503.581940658231	662.262349934302	445.164575745276	-139.547017055057	3	1	3
653.648833137864	-703.133527205607	-461.833355193871	152.177404967534	-122.452967675928	4	2	1
649.715269760670	187.337332585992	-465.909099281147	-614.565504135386	-123.156990888618	5	2	2
646.058322368284	502.434910536412	-460.888440564266	451.454258214201	-127.004188337163	6	2	3
-820.643575960926	-707.119399681346	-229.234490287107	146.911736121556	-124.500032399130	7	3	1
-821.562061942360	188.956332804721	-236.996812838208	-614.992041171709	-119.731410942452	8	3	2
-824.058660265137	501.587504045986	-232.459136225528	446.566073781399	-125.692773016208	9	3	3
170.643258607835	-695.860586459793	684.317784535992	165.347804173950	125.542670490825	1	1	1
171.490160349141	196.539369609012	681.107178895744	-602.507725827493	128.562031695174	2	1	2
164.469012538864	509.042757487896	689.960097301728	464.664524005706	126.917435891152	3	1	3
650.027611362165	-700.138936782443	-437.755503133309	167.728056001985	132.301783096585	4	2	1
653.765421009951	199.584477182580	-438.009723112875	-603.455980274440	133.521978563684	5	2	2
655.354255298445	513.359117307362	-433.680199281983	467.311333322267	121.983634899842	6	2	3
-821.833748421098	-693.995306628559	-212.549330058391	168.845269155479	133.735269526947	7	3	1
-824.894106307712	200.436319893704	-216.065636499943	-606.485191445955	131.745098819279	8	3	2
-816.812994785718	515.907799824042	-204.539291026351	457.361589842252	122.796857036638	9	3	3
164.993529287809	-706.049136528209	657.488546832974	143.882265028260	-133.751981071104	1	1	1
163.815424195265	185.073209593640	660.638279535845	-626.530745179399	-122.418034048144	2	1	2
164.663800747443	499.328792313054	654.776523156912	443.787111472130	-130.389771760184	3	1	3
649.350884977310	-707.657701400599	-458.566991604010	153.561423953510	-122.201196787971	4	2	1
645.798575338356	186.085365489436	-466.412338148752	-616.880641565699	-129.283845882976	5	2	2
651.973157180588	503.448903504734	-465.618871582833	442.492562638739	-126.360055128597	6	2	3
-819.386175085961	-709.049215135830	-231.029261026210	151.308553306509	-123.083471710223	7	3	1
-817.844736839095	191.599400824384	-229.986729581754	-614.881066077497	-128.059888441081	8	3	2
-824.491706243405	501.333501203231	-232.871737370087	454.155253011151	-138.237618324940	9	3	3
170.132547616751	-700.977032859080	658.661294552540	148.293021976079	-132.821069492351	1	1	1
167.750596153254	191.840930995297	656.205691910108	-629.080132138099	-132.428836956151	2	1	2
167.843318738381	498.675684579084	660.758578224597	447.577736033664	-129.074950488755	3	1	3
652.268506666312	-708.247742383609	-466.997573783904	151.643330394073	-130.240519889490	4	2	1
647.055810671689	186.127140209372	-460.135472380563	-620.552857183588	-125.608271745624	5	2	2
643.855504308932	497.989327625455	-463.869686242144	451.598775589644	-130.532806888571	6	2	3
-824.314913017774	-700.234022528556	-238.584814718458	151.614957948774	-126.918084694888	7	3	1
-820.938200027868	184.768181851780	-237.447530558753	-622.846996992081	-127.664817374620	8	3	2
-821.062193804995	502.602229761213	-234.638051171208	448.644119118599	-134.259615914553	9	3	3
165.891397886349	-693.015560787139	687.058054156453	165.281596165558	128.868938205439	1	1	1
169.932966496841	193.286870213465	680.669903079146	-605.301076753069	125.661507782064	2	1	2
164.885119123463	513.392928752369	688.502928227420	454.337135182173	116.638161518585	3	1	3
662.003379258902	-692.341218095160	-440.117780349220	165.266043813639	133.524859717375	4	2	1
658.488687931180	201.745891215815	-441.924253107168	-602.666747876600	139.296205472491	5	2	2
652.275156108181	512.094601715914	-445.064776958261	464.815951627406	124.204007420376	6	2	3
-823.162990429839	-696.037389134681	-205.181835551676	167.340988278884	139.415365839100	7	3	1
-821.231228195939	203.679136232742	-210.183051577950	-607.672758400318	133.053672714013	8	3	2
-823.286755599534	505.822173937687	-207.609672804203	463.793038059350	129.556404004900	9	3	3
163.284094875902	-704.399302655887	658.754937338353	145.656323371585	-134.372117808317	1	1	1
170.939564710709	186.497964022465	656.741711732223	-627.138719293534	-129.252469467075	2	1	2
165.518717661916	499.440131847908	665.694254212541	438.627431417529	-135.639468771000	3	1	3
650.377304072573	-708.508257742121	-471.516970773323	152.470028890649	-131.252482073745	4	2	1
651.384956426268	186.663948353287	-464.819905834607	-624.463078629031	-117.934969447841	5	2	2
646.954297712201	503.402955401404	-464.040477614303	450.530505988785	-128.925679548975	6	2	3
-817.684237497324	-709.768046243950	-232.939128785795	152.434142060755	-122.942419563941	7	3	1
-819.311284435363	185.932801376970	-233.877293148071	-624.573557744012	-121.841141528243	8	3	2
-822.906809392647	502.737849135666	-233.098287633818	450.108158131425	-131.229169178765	9	3	3
170.378657752650	-688.865233384288	682.812845622370	161.445321328276	124.774278279690	1	1	1
167.200682352202	201.456693226527	681.417401369544	-603.191239849903	124.205681465272	2	1	2
168.487457603172	511.243257514715	685.265580662965	457.205167459187	123.854326565332	3	1	3
656.702255551615	-700.310179246387	-437.443371984801	172.562161983808	134.420974030532	4	2	1
645.950746148519	201.048776158642	-444.998237811274	-600.121760980778	133.356412850147	5	2	2
655.056842596415	514.884382324887	-435.959897822377	457.134879294692	131.540854674077	6	2	3
-824.646638454879	-691.572219713863	-202.949308253322	168.558083516588	130.419864649705	7	3	1
-820.282014981649	202.173342513340	-208.871513384385	-607.205899300860	133.797832026661	8	3	2
-816.801433423858	513.354803052581	-204.732186826505	463.353167941658	127.260087492128	9	3	3
168.315429572331	-697.205028702187	687.029007949492	164.320321917009	121.552798897398	1	1	1
172.339842387501	203.418116175256	684.493736404873	-613.614676942499	128.566139744096	2	1	2
177.267023637925	505.168164898938	688.443183332085	460.470571460963	118.045392375046	3	1	3
652.534654724449	-687.816318982800	-440.655708444628	167.960020592030	133.765661704083	4	2	1
656.631527937694	194.776195615078	-442.656609958786	-611.878497064136	133.566793202141	5	2	2
653.114824216288	516.268852874579	-439.031670321030	469.109974643242	124.601688798176	6	2	3
-814.864932649930	-695.674974124191	-205.801928751504	163.457724383392	126.626513050202	7	3	1
-818.327971861586	203.292924112310	-216.921354217501	-606.540203762742	134.924067334624	8	3	2
-815.436626054335	514.973365298272	-206.389123704948	460.898145547847	129.365087178324	9	3	3
166.763443651147	-702.257269362418	661.745679307437	147.217412478683	-129.365218157926	1	1	1
162.884364723202	183.088846059962	661.946546505575	-623.965040942489	-131.119645304616	2	1	2
166.495122585708	500.342078280906	660.701683045381	443.884395828649	-134.849641893366	3	1	3
652.145184110952	-706.030614845086	-458.098925524657	155.975571694626	-121.009457166037	4	2	1
652.797392729346	193.193068122741	-458.680501443725	-624.375377548904	-129.621822806017	5	2	2
649.101355122217	495.436941382495	-465.283999706361	443.253821725686	-127.607223038456	6	2	3
-813.523640473231	-707.936470370250	-234.116024882532	149.742605088295	-129.450460713761	7	3	1
-819.101509843365	189.075420420803	-235.388192334672	-620.154550802551	-125.889987783979	8	3	2
-819.862811227538	499.071612047245	-235.465581102919	449.317347299972	-122.301517317916	9	3	3
170.497470295655	-689.524139734170	682.996811784489	165.704520823345	127.213828284293	1	1	1
168.173679099613	202.841596039514	675.191398863920	-608.998526827297	123.228340331443	2	1	2
161.899855351443	502.739569951792	683.801590238702	461.873237840303	124.450304939910	3	1	3
647.954873176760	-696.668180003534	-434.733953276756	168.810671433922	138.813521782430	4	2	1
652.567149587175	206.509754913959	-439.670810891809	-602.000456790157	131.661075044617	5	2	2
651.062668643564	508.592291424445	-428.436427203782	469.688802963908	134.711332988916	6	2	3
-815.794150010251	-694.705793016644	-205.621311593955	170.939613248955	134.588968302451	7	3	1
-817.962773841074	200.830942369840	-210.448972321610	-601.228794435681	134.773652169154	8	3	2
-814.391309688606	516.446045334141	-202.674431416390	468.731024280120	122.721008166683	9	3	3
165.108579895360	-705.320271525487	659.018206011655	155.915260465276	-134.246112542368	1	1	1
161.162816237474	178.517520569356	658.529817078986	-622.100989375300	-129.555305290785	2	1	2
160.318646158227	498.090710790508	662.359620914963	439.434915667466	-141.771066414309	3	1	3
650.894812527170	-708.286514761356	-463.651110350609	153.839962716477	-123.026399255451	4	2	1
646.019963395283	188.618648397146	-469.647960701526	-620.152804815968	-125.211474409966	5	2	2
650.849037708177	505.382103209120	-458.767640046870	450.287774108441	-129.434094528196	6	2	3
-823.942459586616	-707.512292948243	-238.547635698850	153.572286267269	-128.033832523664	7	3	1
-817.670272804879	188.803838796138	-233.509250139806	-621.259265186031	-128.717104764883	8	3	2
-821.829121293268	496.359676998380	-231.165618756790	445.464259809783	-130.304262235888	9	3	3
171.874642717412	-692.079768658120	683.023517208451	164.339479286569	122.111646970904	1	1	1
168.008342360695	200.341485118409	681.174209381018	-611.302991759854	129.206955740955	2	1	2
175.390059940439	512.816292238596	689.109764966339	459.990467617872	126.871045778296	3	1	3
651.152996232994	-689.253237964853	-443.923527983466	171.763059152003	132.282506464328	4	2	1
650.011719727672	199.713432803072	-442.814722224556	-602.829066377176	137.274736043369	5	2	2
651.582965392892	516.626894084027	-435.254317021557	462.857361011953	125.532058856734	6	2	3
-817.160392344330	-701.274101104149	-199.482639581546	164.090838889852	131.244405816814	7	3	1
-817.604395690153	197.187921652529	-210.738400950224	-601.609985881332	127.012165741791	8	3	2
-819.328539468460	513.375568109719	-211.152101297374	456.654597904153	123.373234388898	9	3	3
164.832017446122	-710.467249688209	653.885592066514	145.437275571795	-135.965720526883	1	1	1
171.826446982006	189.129140324264	662.677070894637	-626.163775039518	-135.702656616490	2	1	2
169.498640868561	500.549787711940	665.257045191538	441.847110371523	-131.899187831190	3	1	3
652.473819902081	-706.454022667967	-462.659674066164	157.219997505294	-127.918877265814	4	2	1
650.870780395377	193.122994297775	-464.635900389104	-622.804476813117	-126.613974790846	5	2	2
647.940119574584	500.127743964155	-462.465105132771	450.841502651192	-132.295886696211	6	2	3
-815.597082816989	-713.925302609535	-233.927150579116	155.412109406806	-130.162285359060	7	3	1
-817.737482962621	186.587867923147	-235.912727099817	-620.084107459181	-125.227519572001	8	3	2
-821.881719335234	496.831233427534	-234.955851655917	447.631754365534	-129.897938556899	9	3	3
160.492446547437	-712.805846859268	665.112222034029	152.985221693946	-132.447514017505	1	1	1
165.301019130752	189.983332288706	651.739173489215	-628.418837832730	-133.826369833850	2	1	2
165.324256830764	494.688041672984	657.086667735360	441.205172974910	-134.873336864274	3	1	3
656.995824783540	-702.968091436496	-467.103306031241	153.776565650774	-129.789834381184	4	2	1
655.735677409298	192.662813652251	-472.166550061242	-620.764734239478	-127.863143791040	5	2	2
650.670842645766	499.444627117701	-463.792922630743	451.326986826364	-129.182379794898	6	2	3
-819.191769384774	-708.638114879475	-231.976206828807	156.234418999265	-127.760494032908	7	3	1
-819.589553126536	179.939732750843	-233.935180967139	-623.875160610307	-125.281194588194	8	3	2
-825.322434269671	498.020776151899	-225.737659795005	449.697044731701	-131.624563776829	9	3	3
167.642771330291	-698.564236270229	680.528244101229	170.826208680818	128.350593957276	1	1	1
167.234337615574	197.192378737561	685.271772754949	-613.427550435615	133.898206042436	2	1	2
169.127698895377	504.833258498264	689.101840085825	457.821620231518	125.093612511275	3	1	3
654.683458513141	-695.043782518165	-436.105809583895	171.480224620420	132.715358651390	4	2	1
653.613822383020	205.428693858077	-447.624778917737	-600.802116177522	136.489024749335	5	2	2
651.048480912817	511.508835156677	-430.567609971211	460.385976795844	133.843384231450	6	2	3
-812.674590230765	-694.165895959798	-210.272772077678	168.155805783244	134.807413587247	7	3	1
-811.598850134157	201.276710232313	-212.225456950930	-610.355633463050	130.979320539344	8	3	2
-819.229300694279	515.419232554226	-212.323695281808	464.123762079034	124.365137899578	9	3	3
164.831861102980	-712.963985140577	658.210932981894	155.444652754930	-126.531374713906	1	1	1
163.064363423973	194.836655129273	660.776868939298	-622.172555540737	-136.855888546830	2	1	2
166.146277926818	499.420127815651	656.601554999954	443.237466918629	-136.942365397234	3	1	3
651.599887025389	-705.961867557809	-463.562268789224	152.122112551455	-127.200550985424	4	2	1
649.983419889067	188.365937213641	-467.547135159398	-616.989575238777	-122.270553305870	5	2	2
646.794226990405	502.304863786105	-453.406572501960	449.272512291377	-130.048297962687	6	2	3
-815.609485808432	-710.251152622645	-233.253214466552	149.761757069996	-126.559664540262	7	3	1
-815.944654590327	189.534726813055	-236.294205941000	-616.777404599140	-120.920587087410	8	3	2
-819.190819616965	497.862399227727	-232.098752902187	450.993385157207	-128.469228298388	9	3	3
168.055591678491	-690.749034569168	678.736156766557	165.801429063648	130.886507734227	1	1	1
166.294312078315	196.316398475730	685.105174594676	-606.516594517084	130.229530260569	2	1	2
168.778762702440	516.777748867026	687.722947567725	458.144808207974	124.719955535957	3	1	3
653.429097815039	-696.572638474854	-440.883009810422	168.424635360006	133.564006740371	4	2	1
651.267028706497	203.152690545326	-434.268951762727	-602.280707763251	135.876433009740	5	2	2
651.827363435941	504.649630467901	-441.080235309371	465.485029008948	133.318562002695	6	2	3
-812.144620098500	-694.300761617382	-206.907391181412	169.775705897419	135.551877306067	7	3	1
-820.574619533515	196.586427401817	-216.706907715959	-598.815645421829	128.493974271041	8	3	2
-814.003234769309	515.911637577212	-207.587947423817	461.230909197077	125.727730041524	9	3	3
168.434047637454	-693.478378363272	678.883198115466	159.471092943456	128.914015065428	1	1	1
169.198228658027	198.652559035724	685.241152172068	-605.649042728006	127.929006688342	2	1	2
174.004026516829	512.413593674570	689.810224450483	461.360782479815	113.339669423320	3	1	3
661.812519780422	-695.056656303080	-442.240050745366	165.457167970057	130.338600556443	4	2	1
651.058870335605	207.198971347821	-444.034449142189	-600.661907520176	137.638181990332	5	2	2
656.798741988594	511.929529285702	-436.403498948331	462.160756770721	128.336717111097	6	2	3
-809.308432347077	-696.752047529499	-215.366000435484	169.200157234830	128.963406291340	7	3	1
-814.123518323266	203.047207611969	-210.641310626697	-601.546117797434	132.389483547623	8	3	2
-819.538103538805	518.964471275051	-212.762257325233	461.177762623089	125.811130036592	9	3	3
157.593076941628	-706.952162163627	662.338745434677	145.690870865285	-136.078929933338	1	1	1
166.517368491777	187.542357033043	656.520805464219	-624.081358333304	-129.035337072215	2	1	2
171.350722718685	495.692766620885	662.499917083653	447.812601207564	-138.601612489217	3	1	3
656.472982129576	-704.731220230312	-465.884318250229	147.431751208064	-125.782971145732	4	2	1
650.718768772778	186.344708617107	-464.549146096489	-622.220937845334	-124.073539627634	5	2	2
647.140064525088	498.307203325360	-462.734376122689	448.179105228684	-131.528456254290	6	2	3
-825.573602771118	-708.152699656708	-235.880590397890	152.465684001370	-124.865391704446	7	3	1
-822.806279210889	194.341686837506	-237.826267420555	-622.068022788583	-123.190586392389	8	3	2
-820.744570919718	506.764680945115	-234.979708604657	454.141639659234	-127.529754243411	9	3	3
169.680268409509	-695.222352552849	690.221773641086	166.433897710773	120.282373721367	1	1	1
174.990738385595	195.470307986362	682.759884156407	-609.333156343873	127.508590462250	2	1	2
165.803090481114	514.002816799369	691.315572284240	457.093178270201	118.342285125158	3	1	3
651.489137181425	-695.858661531399	-442.770092417033	167.986507451622	134.439484871077	4	2	1
656.299437570418	208.243249739634	-446.912388720019	-597.046417019916	135.112927763223	5	2	2
652.022277585989	515.260340580101	-436.585703943242	467.465378121591	127.760823232263	6	2	3
-813.922744531134	-697.846766041515	-210.642043006753	170.020917656892	134.295603288992	7	3	1
-819.426069769584	204.805239262989	-211.163273111246	-604.592906192089	131.334871820935	8	3	2
-820.305826717623	512.454745218872	-206.590072465090	467.657498757866	124.962610797499	9	3	3
168.538050906321	-708.070508007102	663.318074017661	150.540034910516	-134.732526498100	1	1	1
166.427438120859	186.425441984886	661.243018653369	-612.974847119179	-130.873837282476	2	1	2
163.437237333320	495.002617272757	664.584989845095	442.884276810633	-131.337139034928	3	1	3
649.192856841130	-706.434263418828	-465.062741851588	147.508543606277	-127.135821754282	4	2	1
653.996728996607	185.626159054713	-461.226787175150	-622.530644688213	-122.600667148169	5	2	2
646.124249089095	501.661746073806	-459.297034700911	449.929207012672	-132.112751051603	6	2	3
-821.371064422103	-705.423462483257	-233.510808351783	149.233081722932	-123.135823731314	7	3	1
-824.997992965580	183.757907042583	-239.993285608097	-623.739245619633	-121.135740720514	8	3	2
-813.516193912004	503.171162765709	-228.786707870933	446.607327102137	-133.479837457822	9	3	3
174.286468248328	-698.548601600445	690.744794235733	161.892170584704	127.073782277050	1	1	1
171.717891155892	197.013279473035	686.635755773296	-612.673009557611	127.881077126242	2	1	2
164.692607479592	514.437096542865	686.933121904518	460.427791562372	122.490555018986	3	1	3
649.395994888970	-699.343907426997	-438.187402657158	173.771358965649	127.180747212422	4	2	1
656.009564403959	198.883581640752	-443.309691380238	-610.123411886596	131.951922909361	5	2	2
656.368832116346	518.034529430684	-439.776186893928	470.493612804553	132.419305815225	6	2	3
-821.267359077039	-688.203725965268	-207.764157464091	167.098590931845	136.341688429228	7	3	1
-811.722068957086	196.838548447008	-212.698857540316	-607.756626798868	136.435516413262	8	3	2
-816.774477062030	507.858504547424	-208.228712925768	464.781456992406	127.423300763190	9	3	3
165.773680647737	-710.420501299007	661.565275891145	146.233738122809	-132.550076355182	1	1	1
165.795765376263	185.564408573675	659.736885570975	-628.877208375966	-128.023090718033	2	1	2
163.176177065122	502.947289288732	670.288771099359	445.729687638246	-134.507617302597	3	1	3
647.800905412730	-702.189962397315	-469.178007393320	155.926986649754	-119.788267558443	4	2	1
648.809858864864	190.295983569498	-470.333204061869	-625.685515907723	-120.668123258107	5	2	2
652.175575819621	496.556753899273	-452.345414078906	448.359579210750	-130.809185103435	6	2	3
-821.923488453904	-704.259972400947	-242.367081554189	152.683355084335	-125.103441334270	7	3	1
-821.601489356431	189.816271035631	-243.874866171595	-620.073012262577	-125.356044479178	8	3	2
-819.597109349908	501.082998659909	-234.887349034520	447.991838939911	-130.231105194259	9	3	3
158.356701567657	-710.466984201920	663.888061247898	151.637236147308	-136.935054051262	1	1	1
158.993642734497	188.598184845245	662.617033914789	-621.274934296477	-137.260221598523	2	1	2
164.472499598545	502.104440907555	666.242665199009	444.804747442814	-141.773836026770	3	1	3
649.529250833002	-705.375286135623	-471.312892953016	150.617381425957	-130.063198292618	4	2	1
648.720446688579	180.457613253127	-463.996788590726	-621.485825563291	-128.685150233980	5	2	2
643.263142578955	499.640203058837	-467.087601295775	451.954177976184	-127.212462768184	6	2	3
-821.679359407778	-706.450484540618	-232.954809083126	147.673423193305	-125.873788405532	7	3	1
-826.821588555037	195.022312862133	-235.559578043420	-617.866637653441	-126.356350009484	8	3	2
-823.261606744933	503.695829735183	-225.513993175213	445.663696532912	-128.810739549631	9	3	3
172.437970954962	-692.172417386540	683.506232250609	164.719529573542	125.497651716067	1	1	1
172.760805768414	200.663722465019	684.014527121553	-611.404778275217	123.585274857350	2	1	2
169.506746390049	515.029231336521	683.823733202367	458.602943529547	118.796140670399	3	1	3
651.024725796644	-690.764710634896	-439.918435891518	165.624900521817	132.418492795953	4	2	1
655.690523162878	199.997631402556	-437.564149515865	-604.918840642726	130.263612556638	5	2	2
653.101108016100	511.862013550046	-437.457810920276	461.461247620518	117.412753182760	6	2	3
-818.422995841533	-697.608726441403	-214.600413562629	169.272693495732	129.870238285802	7	3	1
-815.885644941418	194.588667833813	-213.207917406129	-606.738528461372	136.787330529898	8	3	2
-821.333981233648	514.737474975378	-210.481680136119	463.629985633868	123.402422587458	9	3	3
169.338176859282	-706.924526911532	659.257442513820	152.746674494507	-128.871920383973	1	1	1
166.682478727010	186.589380842809	655.805239926264	-626.554250424944	-129.410041876689	2	1	2
157.911546577964	501.569483752842	659.469622627140	444.449433910490	-135.809745052621	3	1	3
647.512945895501	-703.527882202052	-458.882722471188	155.392801792208	-127.511586679857	4	2	1
650.653504429016	192.584101473634	-459.852616626923	-614.695517834517	-126.746749182351	5	2	2
658.405023576717	500.554567733293	-459.914505043012	455.436450809139	-138.367877115713	6	2	3
-813.722679233782	-707.073432815210	-230.409715341970	146.793721246055	-121.797716756124	7	3	1
-820.286488056186	184.461510745778	-240.770817571056	-620.504488673085	-122.256002734193	8	3	2
-819.487889005911	497.021029665714	-227.366898168983	444.829668240648	-125.477830832681	9	3	3
167.725822171196	-698.901559088075	687.332977183804	162.537744434741	125.989918572783	1	1	1
167.884137757831	201.780470621756	677.375186506452	-607.207015966324	123.692502290125	2	1	2
167.618844867350	518.351703470141	687.251469131586	456.050323311243	126.710565105603	3	1	3
659.200230765004	-698.228412307721	-433.367154042756	169.563757720015	130.967939073412	4	2	1
653.115363422096	202.012689386398	-441.376088705788	-606.264064633096	134.197763470503	5	2	2
651.633159156301	511.536453608504	-431.889765423110	459.102708408229	130.356056830874	6	2	3
-813.822264056460	-691.910347291684	-210.381728326650	168.313111461991	133.436371468069	7	3	1
-820.470708516561	199.436363763720	-213.005405300775	-604.222319995900	138.081294045836	8	3	2
-817.538834084307	507.001228226205	-202.663391674767	466.019385701055	122.457821054136	9	3	3
171.228147305814	-693.495911853917	685.730524379655	166.961819047997	124.719977349317	1	1	1
160.881022163313	203.214417893876	686.644979681868	-613.526723523815	125.561354639742	2	1	2
163.699473146497	512.513370801629	687.822161435154	459.284872622018	123.442115833106	3	1	3
648.485832876810	-692.809077774227	-439.678634219262	166.773707390843	131.643736987813	4	2	1
658.801392010359	202.965945661025	-436.872395806978	-604.893290185850	131.470294078824	5	2	2
651.369889867236	512.947878380655	-434.261342584069	463.694187287077	123.826474593756	6	2	3
-815.705054512119	-695.419577050037	-211.235594172748	166.247708803837	135.235955324860	7	3	1
-816.474189626876	198.644454726008	-215.058352211423	-609.644755085818	137.135398790982	8	3	2
-818.893283764387	517.836721156642	-210.506681372800	465.738481166909	133.186565043679	9	3	3
166.778884416325	-710.200825084192	662.272506954763	146.845368692858	-137.392627391022	1	1	1
163.803331895801	184.116543708746	659.548753322803	-618.236314403365	-133.023967530011	2	1	2
160.425222847425	495.604112816090	659.981304433993	441.681457855848	-134.272680502244	3	1	3
653.691738074169	-701.545730358835	-463.086458458174	156.276493431070	-123.689836297593	4	2	1
643.995054193783	188.675770580445	-462.301004746259	-616.663675258806	-125.664313629525	5	2	2
653.063693963007	504.703867777403	-459.463862288277	456.592047329267	-131.495936461143	6	2	3
-819.475861599823	-702.507599906593	-232.798124442083	152.637433845636	-127.104604067219	7	3	1
-821.357660884998	189.806207798583	-241.864394919245	-617.711031807705	-122.570170518384	8	3	2
-824.675407388109	498.210573142435	-229.203566426131	446.556373976489	-129.619079915361	9	3	3
173.369892913120	-689.857199471415	680.521411898189	171.846817087201	127.270680660605	1	1	1
168.527664996891	196.103701978064	680.432330629507	-609.366007467256	126.465573071845	2	1	2
169.525906257192	517.481649839013	684.372615603193	463.175663924012	120.519209630512	3	1	3
649.913703323475	-685.721754150147	-439.092237702767	168.722272748986	129.800208535779	4	2	1
655.681964583674	200.638012300212	-439.061893652536	-607.895826154051	132.284180174670	5	2	2
652.651070903816	515.170521269173	-435.840480215162	462.759809709164	128.743574036774	6	2	3
-814.756990518258	-693.063116679886	-210.813185948939	169.034599658822	134.821406767261	7	3	1
-820.141440725635	191.603193073074	-214.144584768899	-608.024323406363	131.451290255673	8	3	2
-819.521731701853	513.965147480708	-207.038780153107	460.055911654954	127.108917158764	9	3	3
168.655928129470	-700.452068884490	660.544497615170	145.890584808874	-133.666303848019	1	1	1
163.456912178860	182.402608593095	659.207498882658	-627.816268440496	-126.399167538084	2	1	2
163.383933347728	502.537570189868	663.617967226992	444.298484642451	-140.128942594232	3	1	3
648.095092405072	-706.947381807743	-464.467036250669	151.400827017673	-122.221269670509	4	2	1
647.992697531694	194.901844054707	-458.756830815966	-620.979176049597	-120.755389976613	5	2	2
652.577880792258	504.317746659028	-456.651144037792	447.926722306596	-134.244762134122	6	2	3
-817.021104853637	-708.637732219107	-233.979555005001	145.997534374145	-124.303407271812	7	3	1
-816.570575245014	188.453159559396	-237.430478968887	-619.948303496543	-125.866504806625	8	3	2
-821.843185086288	500.066385979225	-231.175716485506	448.392774937283	-129.032676774487	9	3	3
168.994978474755	-693.898479451804	681.999682746393	162.753323501354	131.063650276612	1	1	1
164.868995550525	202.686851822251	673.085555920334	-618.425111964486	122.952738544471	2	1	2
169.598074489439	519.299172166256	688.552057728080	461.959915678463	121.485323176732	3	1	3
654.356166925760	-699.332084209701	-433.100830000354	164.006514634126	128.380411827292	4	2	1
656.872661669772	201.834642343940	-439.227453939028	-600.604983246822	137.340104679670	5	2	2
655.122177692928	515.849283841871	-439.558602971733	467.568721384026	126.674969229297	6	2	3
-821.649468654131	-686.416894122814	-208.065041586417	166.412625478898	132.296839767189	7	3	1
-819.270635596570	194.065544014455	-212.152948653018	-613.065347423157	135.320809679775	8	3	2
-818.411973170993	509.255673983237	-209.271360063604	463.591269208860	124.807899172265	9	3	3
158.200201977398	-702.062217599565	659.981923562071	147.728158749389	-132.550713388277	1	1	1
166.777724864479	195.127728057467	656.923496724008	-627.920350182565	-130.627243054841	2	1	2
170.992912748335	495.645031069475	664.106134261009	448.716639212409	-134.020679936388	3	1	3
648.544617549421	-706.766604845216	-467.479998080693	151.990696292550	-130.623075381114	4	2	1
653.292041179993	186.009623823842	-467.279900914795	-617.219519742490	-119.587035768237	5	2	2
652.658706744156	490.415092324518	-460.173829599494	450.636967199091	-127.739047731636	6	2	3
-820.148566361193	-706.065427804007	-235.174384581694	151.269895769476	-131.404645845227	7	3	1
-822.097355156448	190.760267284141	-233.658077553104	-622.404521634360	-125.359679693073	8	3	2
-819.223748494494	504.383461681005	-224.485283577952	445.868376079226	-133.155327225746	9	3	3
163.086683966888	-711.697460984992	664.902034631179	147.804412124244	-126.556647123501	1	1	1
163.104444850563	186.004624734868	658.201535191123	-624.116289434379	-136.386052498150	2	1	2
158.715849355689	503.183533880401	666.089740936472	444.617029730486	-133.351180788307	3	1	3
652.724371564722	-709.085698971176	-459.115967199599	147.346725013033	-124.341183727398	4	2	1
644.527303845476	194.042245389776	-471.450891813814	-625.420131633627	-121.809361075512	5	2	2
650.410707119416	503.709421932318	-465.349407044841	447.510441452566	-130.108980767064	6	2	3
-820.518934096648	-705.334929523309	-237.199968143945	151.239495512192	-127.530018515921	7	3	1
-816.587086074764	193.380052052389	-238.303927856871	-624.032525608653	-123.775961878397	8	3	2
-816.036213052927	497.150956840845	-231.199178780392	449.998985169491	-128.952389087810	9	3	3
164.069408829716	-697.600239363651	683.705111862832	165.157396317325	134.023764713663	1	1	1
163.315721527842	202.256834469795	677.378568482658	-610.403508762181	134.346623365403	2	1	2
168.626641942918	510.045308052253	688.646865845543	457.097536366710	120.198582552402	3	1	3
652.918509533914	-693.970269354413	-430.550272121473	165.112459294985	131.744581368560	4	2	1
655.116473074146	199.633884987647	-450.015509706676	-606.984142308418	127.438668280469	5	2	2
650.461458067206	513.404564367266	-435.507463443093	466.447230456667	131.124990624360	6	2	3
-815.362955075577	-694.097942389060	-204.234549825584	170.282375910177	136.507519264976	7	3	1
-813.214696286489	201.218735365808	-213.843720032262	-604.627324691709	130.880202219095	8	3	2
-816.216783905380	517.701360258730	-210.818813225862	463.347830991469	126.549140661291	9	3	3
172.609421597198	-710.249523491225	664.950277267966	153.903682127645	-136.377196405729	1	1	1
170.171882038386	183.699438082107	659.381195665402	-621.015912110200	-128.540372609068	2	1	2
157.921730373541	494.335080667696	659.639716242595	449.615339298510	-139.958999568710	3	1	3
647.702779571545	-708.105428409734	-466.972328689392	153.177157349105	-116.612150284288	4	2	1
652.627401036670	191.611714054897	-466.991193449025	-614.247212319479	-129.885731920804	5	2	2
642.049414437470	498.093471524059	-460.923630677669	448.055432285939	-130.969216864796	6	2	3
-815.869045513991	-706.265952832969	-230.807507371422	152.983959741782	-123.014853935625	7	3	1
-812.955593989048	189.106969673697	-238.470704550882	-621.306604042502	-121.908456097339	8	3	2
-823.813918872425	502.112701720649	-229.192007729660	442.748078488848	-132.643645496929	9	3	3
163.585364845345	-690.498926059376	682.793587561946	167.976480182432	127.475549201992	1	1	1
172.011188738220	201.629152549448	683.707693358361	-611.863457204911	125.077261371800	2	1	2
162.291159431421	505.129182443843	691.995265645524	468.967466082838	118.009784505151	3	1	3
652.290928709827	-693.368018168107	-431.599040199092	165.351644125835	140.193404419515	4	2	1
650.716558608327	203.400831414973	-439.232184267320	-609.287268238425	133.699088732229	5	2	2
653.212139357246	508.353565720378	-438.942445469543	461.013495084571	126.558922987046	6	2	3
-818.301000980653	-697.086156425396	-209.262012100186	164.538852295286	134.671894656589	7	3	1
-815.565494989646	202.526490586140	-211.034330112170	-599.771998083859	128.672260540563	8	3	2
-818.397619735769	511.403933376194	-205.671823063222	464.156947109492	130.928372470975	9	3	3
173.895217984840	-698.727132129305	689.501165508768	160.097037042447	128.582816276145	1	1	1
170.413400921035	204.062981912279	682.790640046394	-606.841289252058	121.652652396769	2	1	2
161.888601052702	507.271596283799	690.310690300997	456.833531373934	116.847844905632	3	1	3
653.476820362934	-695.346086501684	-435.843153422290	174.558431957711	135.598969529211	4	2	1
651.834380888990	197.728134545967	-438.655927420922	-607.153838463122	131.383638563251	5	2	2
656.258102093851	514.156169497492	-435.610075978297	460.336110752322	127.227255036936	6	2	3
-819.508416797370	-692.312036807219	-212.930333066995	170.199229215128	131.860830500113	7	3	1
-820.608265275601	205.814771934059	-214.338732519124	-604.905459574120	134.200169995071	8	3	2
-818.941268119661	514.768478017633	-200.649347486342	456.752102943773	130.796544685425	9	3	3
164.556901920788	-714.598796889893	662.267901283030	149.620222639762	-132.421344705115	1	1	1
174.124918554551	186.293311400563	655.197395762848	-624.853988361305	-133.025228690435	2	1	2
162.151124271915	505.875701014595	663.154849033521	444.380572558517	-128.265900042690	3	1	3
649.528340918511	-707.207020529713	-463.929565997203	150.457956126927	-132.459478893493	4	2	1
651.834374425641	190.435234742554	-471.074480719433	-623.335750320791	-121.138156647947	5	2	2
651.732035596182	503.009890467520	-457.352657549004	446.753321735497	-127.784203013736	6	2	3
-811.607235662166	-701.871308744895	-237.384034752937	148.977555358616	-122.937630845280	7	3	1
-820.523549609591	189.573228012106	-231.336135580190	-616.913571069009	-124.587987442407	8	3	2
-824.251120263428	502.433087671562	-232.390195805176	458.571027828856	-139.828286712761	9	3	3
168.106474590886	-694.996220160018	680.389473186367	160.825279921176	123.470103073712	1	1	1
169.559977604777	192.948700270569	682.575049498226	-609.228027446897	129.025573359027	2	1	2
163.174703893528	510.325885896664	691.031596521407	458.560078345513	121.913702496968	3	1	3
650.601884136581	-694.965848132809	-435.220351496940	168.489023479373	134.885521091378	4	2	1
651.556096031880	197.241480546621	-439.180298657320	-593.906552852199	130.830551406995	5	2	2
656.235631474806	513.190726312965	-432.353103178835	462.574076885136	120.924285429595	6	2	3
-822.294576772266	-693.870345430730	-211.965035921970	163.687480793572	132.883578802082	7	3	1
-813.328781967794	199.358428616728	-210.375431409216	-605.657960795752	130.599302522387	8	3	2
-812.061057127874	517.236451817082	-210.388640089615	464.514503906178	131.083324743311	9	3	3
167.366492277569	-710.783236900519	660.690095794580	151.005668655026	-137.917787059686	1	1	1
164.879491349877	185.050854343473	654.675026686031	-624.662248053485	-133.787708657251	2	1	2
165.276170623000	499.639171458497	656.684073554932	437.632951211003	-139.129252105551	3	1	3
652.546837627899	-703.205446554636	-466.878009799693	150.458129647789	-130.284309126507	4	2	1
648.598997592051	195.452002768197	-464.265963630101	-621.947547902022	-117.637718995182	5	2	2
650.998007408127	500.991750343422	-464.964544874467	445.814486356833	-129.219684330687	6	2	3
-821.600436489237	-707.908105837231	-233.879969855918	150.240228859760	-119.717466950377	7	3	1
-821.512950296883	191.241405788438	-236.941849427191	-617.844335767664	-121.474525696071	8	3	2
-821.686701340042	500.217348284922	-223.314293774485	451.521240296566	-131.674978325595	9	3	3
166.180877290424	-691.456059969752	686.367259992120	159.040966165029	122.695872493460	1	1	1
168.923290763852	194.384560306707	691.130742681873	-612.153373529764	128.281738347639	2	1	2
172.494807502346	511.272172973903	685.559553839338	464.484025261268	123.119603217482	3	1	3
653.933997022515	-697.664708559965	-441.562265213705	172.684875714646	130.637003796960	4	2	1
649.336210341502	200.623079217204	-438.985199584654	-606.774442993295	130.978329906637	5	2	2
650.526630541240	510.071196441217	-436.426121676209	463.810211209425	127.173081735626	6	2	3
-810.222711616059	-689.894703339229	-211.001609730005	167.930455046951	131.647536979719	7	3	1
-815.544219153946	200.367536403132	-221.050058731360	-601.722356265517	133.635503107389	8	3	2
-823.906288068098	508.483543810020	-206.706981141207	464.220004847638	127.397471361490	9	3	3
158.041964455014	-707.254597688309	659.715742546312	153.708746534583	-135.374909699969	1	1	1
171.486922899140	184.536295124229	666.317922423773	-620.925001356426	-132.946360144601	2	1	2
164.616144295552	494.712085211174	666.976166895642	443.456892530897	-138.452981496796	3	1	3
652.658477906679	-710.902030626019	-463.534437069407	151.941616188339	-123.561169341637	4	2	1
648.185068653437	191.824947398786	-467.947755550588	-617.402471433984	-121.208035950545	5	2	2
648.606865824450	498.649755409801	-463.302809276976	447.487840378768	-128.489819072134	6	2	3
-821.874141209253	-708.954582479077	-229.368900367116	148.746762283344	-131.698752899211	7	3	1
-819.771545598693	191.710745698398	-241.452614702701	-623.222343881910	-125.847842904407	8	3	2
-817.860417771873	493.971147665896	-232.608214102563	441.342405804560	-134.134078315138	9	3	3
164.180990511642	-709.379212093018	656.379191197653	144.797282088513	-133.768734150660	1	1	1
165.351635226768	178.441924553265	660.563521903833	-627.366726575046	-132.653951209008	2	1	2
166.857646948750	504.227584164691	661.352507362577	439.706720255451	-138.171577731480	3	1	3
656.097132444354	-709.394685320498	-465.551526698895	155.296911029084	-124.408679566639	4	2	1
655.713376753223	183.782812508244	-465.905220869607	-614.333952853620	-122.822191409904	5	2	2
650.870458168645	500.678847050916	-462.267899705207	448.174518266766	-127.538279085414	6	2	3
-823.816878649074	-712.608765139725	-234.701152729964	151.844315426824	-127.741501556320	7	3	1
-819.162507343011	181.106357663824	-235.228045225315	-623.547057886853	-126.123128728335	8	3	2
-821.752806288783	502.537307475878	-231.365584071601	444.545479580483	-126.333313801175	9	3	3
162.949202592863	-699.464549390748	687.630849117861	165.377020483451	125.243658327073	1	1	1
166.836214539945	189.526627184970	683.780247445521	-609.711271402541	136.466284801173	2	1	2
174.233913393522	512.901686177619	686.423238934893	455.620247245653	125.373082200291	3	1	3
649.510110481075	-696.942032981885	-440.458338157595	169.967887126920	135.752566499751	4	2	1
655.625877888640	198.635097484746	-435.546005354958	-604.638801313844	128.711075444372	5	2	2
656.462414410484	516.176150844752	-433.515042401893	465.147441243611	129.350654750216	6	2	3
-815.580159783322	-694.401575165044	-206.403055275173	164.693038629951	131.078270323087	7	3	1
-819.538079375356	198.593326354891	-213.081122482535	-611.501208531267	135.726664300863	8	3	2
-813.901662000142	509.071890238739	-211.060278209524	465.304554528437	127.840224808499	9	3	3
164.962975382921	-700.126755993941	663.622029930732	145.027838389180	-129.451096731407	1	1	1
167.327893289813	186.285399746532	658.699367003847	-622.338575254243	-131.114467710425	2	1	2
165.518393754743	494.868286765994	663.686127056299	445.112339925656	-136.668662952015	3	1	3
655.073466691533	-699.851236540951	-461.340510015696	151.128331088318	-128.135551093880	4	2	1
652.521936440828	193.311005146283	-468.573184063502	-620.225469622825	-129.579595304782	5	2	2
647.958139036521	502.594432542088	-458.458368525982	445.511492048499	-125.584234270182	6	2	3
-821.212660233696	-703.528004380775	-236.644215519878	155.189241533137	-127.487494746661	7	3	1
-820.752181941559	192.764179543221	-239.505726045103	-618.310373170085	-125.788371665275	8	3	2
-820.598063809228	498.613905522523	-233.190220339629	444.692417257454	-130.717591607465	9	3	3
161.085578894505	-697.966443209389	689.387122317330	158.540723549370	122.546330661339	1	1	1
171.281631217809	194.610861394861	683.488232083625	-606.496953648793	129.036176157265	2	1	2
164.494103385668	519.020462032583	691.237262698353	460.132188373992	119.486891213371	3	1	3
656.381472565212	-695.183577200613	-439.184006331124	168.110770093778	133.673703099306	4	2	1
653.260365072941	201.363324627065	-442.152800022837	-603.622135156501	132.902385603522	5	2	2
655.100464636857	515.175669319523	-441.157341330957	466.264039192805	131.711218899781	6	2	3
-816.682168818895	-695.259898303173	-211.958187525328	165.721696138318	131.757257797646	7	3	1
-821.431412650329	204.392918382699	-206.665962396876	-606.099967215276	133.635287456276	8	3	2
-819.474697814206	511.270572513175	-205.718817321760	466.557686447011	120.147789013430	9	3	3
167.769670508475	-693.980048835362	690.523054945044	170.671879403159	122.279209497584	1	1	1
169.917189618933	202.469227274958	684.491262479732	-607.497563582192	124.091422713776	2	1	2
165.818558356066	517.635052203765	683.656700902242	460.841173409236	118.229536860185	3	1	3
657.863235132627	-692.246277714392	-434.752924306393	169.439610818075	138.262781129311	4	2	1
659.633667788451	201.375087553748	-438.987976846115	-601.311905746335	135.751409658634	5	2	2
656.995411583516	513.535067910795	-433.614253172633	463.649196707041	135.548058809780	6	2	3
-816.279813053029	-696.068550483975	-216.699033974880	168.734452492607	135.465312127900	7	3	1
-817.107025097159	200.799884029675	-211.863575635297	-606.569831839567	135.257760456821	8	3	2
-812.774930853066	517.624959993834	-207.645168323741	458.958328853822	126.638186971594	9	3	3
171.485394573356	-705.510489399255	662.719593043125	148.709331201976	-131.851124574279	1	1	1
170.813459317004	183.659188759664	657.294318809679	-621.761008006650	-133.792546675212	2	1	2
159.344032897796	503.376046508402	667.308143844679	446.710346306079	-136.777456262810	3	1	3
646.349380884446	-707.365525574915	-468.434615828516	161.892448101380	-126.471896150066	4	2	1
645.145833875638	189.496878659627	-468.852779186445	-622.672504165027	-130.237746414846	5	2	2
650.727809245632	500.890673851650	-458.356321070522	449.124861739224	-133.739187316575	6	2	3
-818.568621004681	-702.435556201863	-228.652513311673	145.928936887670	-127.500767256323	7	3	1
-822.263235632036	192.135344425187	-233.209135639577	-623.589786926852	-119.986896002972	8	3	2
-823.535386503625	499.750416369306	-231.882202685968	448.279178524350	-131.916766016767	9	3	3
163.393742374441	-698.955407035998	690.000296757997	163.406404285839	130.319903198623	1	1	1
168.396398587117	198.443322442776	681.247654584497	-603.145328010811	126.237731286462	2	1	2
170.401877442467	507.971899781377	682.206287381401	461.521891136917	123.007575172330	3	1	3
656.582783892406	-691.526825313431	-443.620351489141	165.243516760362	133.678813075188	4	2	1
653.991269487948	203.778231976643	-435.825711655840	-600.432462845291	132.639776420907	5	2	2
654.982019995012	513.263585389496	-436.528197740695	467.226619505758	128.472795571693	6	2	3
-814.529367832415	-696.928985295774	-211.136669823532	169.421684763838	129.702968653740	7	3	1
-816.994539302808	203.559234013523	-210.457635864040	-601.931138261946	130.146386865073	8	3	2
-822.339321132348	514.386524220999	-203.273958050602	463.592465867744	131.849561483836	9	3	3
162.733608927567	-713.835141355656	658.440336843132	149.420051171891	-126.737150266790	1	1	1
162.584046543068	194.034453055160	665.024868718324	-626.659364701642	-135.943342621157	2	1	2
166.351706045701	501.146913370716	659.991925211027	447.166153025279	-140.438751134099	3	1	3
649.896921535253	-706.490020763531	-460.470331293105	146.140122164633	-132.235873184476	4	2	1
650.505548297950	189.110534466142	-465.268162035585	-620.445677223648	-128.427539537892	5	2	2
654.396323879881	503.747498638567	-464.267919327354	453.520565264751	-121.713275203530	6	2	3
-814.566158979215	-707.646745179842	-231.243641251993	150.111840783757	-124.245466549110	7	3	1
-821.296658098977	187.024352005427	-232.729682014157	-616.304429455741	-122.708543934675	8	3	2
-819.653422258854	502.897461422120	-229.807914104260	449.455205568490	-136.877938067525	9	3	3
180.046431674218	-699.624363381368	691.236924718094	167.735568288117	128.627909304423	1	1	1
171.515500105505	193.034978533062	683.443721096905	-611.656366793629	125.867715255565	2	1	2
164.603790867723	510.545291345122	683.765210193820	459.319146565372	116.706583606734	3	1	3
655.220685605946	-694.213155633448	-435.164681453108	170.296917485891	138.493010100533	4	2	1
652.049930471153	206.524419846748	-437.383794608664	-605.973370762489	131.153497269425	5	2	2
655.910562028435	513.917092801439	-439.443255556559	470.194926724558	129.369297313480	6	2	3
-814.006866952420	-690.255483615274	-209.962761545863	163.868697248127	128.261891684265	7	3	1
-816.402510481180	197.592992563768	-216.073812492660	-605.150812342717	131.042733164012	8	3	2
-818.015242463260	509.320138329253	-204.569717506916	466.271198692338	128.137718975017	9	3	3
160.731981763180	-707.357500226938	661.050228406182	147.383126486300	-126.354032015143	1	1	1
166.684368136546	183.628124351440	654.871090374757	-622.034869954008	-130.493675140819	2	1	2
166.778483499415	497.476096081428	663.388881709683	448.980605066633	-136.445713371902	3	1	3
653.754971306627	-707.766426871876	-469.614500857373	160.319459390480	-127.249713580665	4	2	1
648.263205941009	182.888718948367	-465.348683404892	-621.179435574052	-124.620479243197	5	2	2
654.388623062098	497.527456022674	-463.645124404699	444.346967982021	-133.534424606801	6	2	3
-817.441167159290	-706.617090735730	-236.824308952227	151.612583660081	-126.823552596875	7	3	1
-818.711105263251	191.093065903359	-234.707401839896	-621.083174598238	-127.071465964247	8	3	2
-824.491194570797	497.045494648202	-229.648898519649	451.576784235786	-134.587266299963	9	3	3
162.869691919218	-705.069907221270	661.646424284931	147.200159625655	-132.507474755417	1	1	1
166.577314475798	187.211338402303	658.408331377009	-624.192634684363	-130.506307063182	2	1	2
170.908475158574	497.835895509837	662.633113894377	445.841218055212	-128.609278617967	3	1	3
653.401210880540	-709.666183249460	-462.865625296688	158.096869974987	-124.319366207510	4	2	1
643.448871037852	180.749244646151	-462.592428033294	-620.078868108737	-120.227676690291	5	2	2
653.231299154405	495.173175745478	-457.916043746339	450.307524805266	-124.837011711901	6	2	3
-829.034390881534	-707.322985607721	-235.610778513096	148.390667003318	-125.562312356810	7	3	1
-818.369358451662	186.919522618911	-235.783636835840	-620.656619120838	-130.397102527130	8	3	2
-820.525677082140	500.433981689916	-230.834635184664	447.753716505830	-132.883616571555	9	3	3
167.803884921292	-699.361296926841	678.878946061267	162.595513881931	124.070767533843	1	1	1
171.860018731277	205.036678614330	682.268339683110	-609.442125003055	128.442331545393	2	1	2
174.132175630897	511.746991569587	687.630859579208	460.807978837578	127.990736784729	3	1	3
659.799332834714	-697.969687656922	-440.310494637758	166.226192628168	129.348169807545	4	2	1
652.885717658837	204.633341608609	-442.674402315199	-600.180550000471	126.196946743737	5	2	2
652.199564903132	510.909555622022	-441.947988249046	463.539718405292	131.514857412187	6	2	3
-816.138585625711	-695.986996191141	-214.380897635149	164.911626433840	138.231897119824	7	3	1
-814.919421498415	200.686774575973	-207.755001509509	-600.726913789616	142.202065631451	8	3	2
-822.729484709674	514.775085782686	-201.057480408090	460.102388086475	126.246093530752	9	3	3
164.003745745761	-710.312305449488	660.122375984243	142.435556961157	-136.012915470975	1	1	1
170.556548861683	188.818930931529	653.759254037228	-618.865036037517	-128.882689138301	2	1	2
170.310173291327	505.039368093284	658.447217417011	444.815747293791	-141.423371171863	3	1	3
650.079982202901	-700.977788307035	-461.403135727505	160.842537637635	-122.298748598349	4	2	1
658.398681467123	191.032334421932	-469.751971025060	-616.941371412137	-124.582515354541	5	2	2
652.445374346560	499.680992506728	-460.372811901022	456.209239542282	-131.436162471400	6	2	3
-819.412134929299	-707.109266584613	-232.639257450596	153.823465054392	-126.417176397309	7	3	1
-819.278299109205	184.781643855972	-234.138848010581	-625.036104115979	-124.693652022483	8	3	2
-815.377332573869	500.275650608985	-232.231843712556	449.792590102614	-132.485415140593	9	3	3
173.866249861708	-692.955397096029	684.747852444548	166.012110426190	122.943620132421	1	1	1
168.898745389258	196.563449739068	683.286475282017	-606.887436241058	132.700389876036	2	1	2
172.119379684758	513.934564646634	684.505475287557	464.422367185778	119.428899260388	3	1	3
654.631370652971	-688.916984625903	-443.138197790881	170.026683918219	131.995818636779	4	2	1
654.557906216625	197.168974481504	-440.301172137166	-605.694901147877	129.723854843965	5	2	2
654.115393546392	509.487553093207	-444.497091764282	469.444065084058	126.816608328594	6	2	3
-819.150376809537	-694.838801889892	-207.402783621946	163.224890054524	132.831374197315	7	3	1
-812.255654583463	199.726182019153	-207.388826594613	-605.346835923267	137.781035243275	8	3	2
-816.380230144251	512.588430892477	-205.690219685407	467.415279375392	122.559637650157	9	3	3
166.630447844379	-693.643758697726	681.403093321936	168.417689856075	120.385816703248	1	1	1
166.789675134089	200.653314503614	687.025559601947	-614.789164211750	129.932182490320	2	1	2
165.531949390398	510.319464657335	689.638867369763	458.492084499701	119.937581142802	3	1	3
650.446291180264	-696.765430816647	-439.026341592507	169.378056877480	135.217896129042	4	2	1
650.551760589121	206.760967059724	-442.562628736414	-605.039292600518	135.154770038844	5	2	2
650.987080972489	507.152452755882	-437.008629550367	464.812747577602	130.681711478824	6	2	3
-816.438160900181	-688.674274506134	-206.552457145193	161.467275909979	128.731924759855	7	3	1
-814.467812644131	205.322178075421	-210.802572773038	-603.697450745954	136.125117545064	8	3	2
-816.288763293797	514.854177785812	-209.161572302694	466.225127310510	130.943865034004	9	3	3
164.848172495776	-711.320959897633	650.763163111423	148.879567174449	-130.608884608189	1	1	1
166.384546369503	182.837497042864	662.682197727739	-630.641452197365	-131.406662093839	2	1	2
168.661634061353	495.964084726992	665.720337864677	447.172143853353	-135.646532906326	3	1	3
653.647623012476	-704.627762327268	-462.146753923246	156.367525250064	-126.666691973456	4	2	1
646.460409472089	188.343933572228	-465.645809106038	-620.585555499586	-119.046079832751	5	2	2
649.482242652364	507.709065539292	-458.727697761113	450.578000832903	-135.290115032970	6	2	3
-820.491357059734	-710.074615446911	-235.184399006131	152.254243932912	-121.029665864084	7	3	1
-817.810432573513	182.801100805607	-235.392173160055	-620.899522259152	-126.403299001774	8	3	2
-819.488599202558	500.512524083603	-231.309941809482	448.323420055608	-130.819514540432	9	3	3
162.679866105953	-692.711696694122	686.883109109699	164.969876854345	125.157651081298	1	1	1
174.379996091322	205.872371477014	683.490108536153	-608.707515859395	124.683311591507	2	1	2
165.901751711904	515.171754518739	689.429812883069	463.146877751324	120.010966908878	3	1	3
656.017267450213	-694.407963979245	-439.920600404325	161.435277230720	133.592288877040	4	2	1
653.032176640723	205.683128179647	-442.871112531946	-602.339503513989	134.127808180955	5	2	2
650.293214244750	516.481165065264	-439.085581996766	470.284872940037	127.906656937215	6	2	3
-818.866217099566	-696.996381015533	-209.822741436136	171.793524699310	129.461282042395	7	3	1
-814.240791779565	200.986525306033	-213.600623639207	-605.789949071705	132.467303846400	8	3	2
-819.406164953781	513.466805592411	-207.803895509058	458.784070036994	125.729371384082	9	3	3
154.842048135742	-706.355674971188	664.518898574272	148.900878244976	-135.406126256866	1	1	1
167.085399500067	178.667023115834	652.157088462280	-625.533601008056	-130.448853666043	2	1	2
165.926305739835	501.852536691753	662.249948203542	446.712445248027	-141.603242564509	3	1	3
650.766578347058	-704.502773932901	-463.544918615496	153.113269434476	-123.172620895406	4	2	1
648.197920190517	187.384984516545	-463.790638808015	-619.846283872713	-116.960820566936	5	2	2
649.872641073950	503.185688011893	-463.756502651932	452.943462335304	-132.062884433297	6	2	3
-823.820112683311	-709.310255123897	-229.636702137696	153.772943500693	-134.763253702506	7	3	1
-817.189933817657	188.437471225760	-231.190043487400	-619.809490223421	-121.144921104301	8	3	2
-827.622989319180	502.672934243714	-227.780376134387	445.986992795390	-134.899338767182	9	3	3
168.406803726375	-691.892246330050	682.516667284163	161.055211451310	127.005773401889	1	1	1
166.841030063045	197.442901568079	687.594403913431	-613.000087729519	128.076492899840	2	1	2
163.627045040963	507.661483461789	688.329586204062	453.829615706657	126.838962114081	3	1	3
655.888438241203	-693.793493040026	-436.966934109548	165.341665109666	132.523149459213	4	2	1
656.113902151511	202.060755586140	-439.934594293090	-609.753065135162	135.849413946556	5	2	2
653.031001111858	511.124204664986	-435.044557163523	463.947761552839	127.938408719483	6	2	3
-820.035629700824	-691.915722520464	-207.689290748370	168.262206370983	130.240841870428	7	3	1
-819.492606609753	196.924161133003	-208.904724074211	-602.755400398425	132.708702723988	8	3	2
-816.355197971867	509.674956488525	-210.403399919551	463.470223903557	126.562090657364	9	3	3