3.11,0.8,0.2,0.1,0,0.03,0.11,165.64,1141.86,85.52,11
4.75,1.52,0,0.01,0.03,0.12,0.02,109.64,771.18,46.01,11
14.96,3.59,0,0.07,0.2,0.14,0.03,1754.78,1263.13,67.73,11
10.52,0.67,0,0.1,0.07,0.02,0.05,4406.03,946.96,59.81,11
7.38,0.96,0.26,0.27,0.07,0.13,0.07,4047.31,869.87,83.87,11
6,0.86,0.07,0.03,0.03,0.05,0.02,1712.22,1193.13,26.58,11
6.52,1.48,0.08,0.04,0.02,0.05,0.03,3514.22,1168.61,89.43,11
6.32,1.24,0.13,0.05,0.02,0.02,0.00427,1704.21,893.13,105.98,11
6.67,1.46,0.05,0.05,0.04,0.05,0.02,380.29,59.16,74.53,11
6.28,1.73,0.14,0.05,0.05,0.07,0.04,2874.02,989.93,140.77,11
6.14,2.17,0.08,0.05,0.04,0.06,0.05,2723.27,1247.04,87.74,11
6.99,0.91,0.17,0.09,0.05,0.02,0,3677.08,240.73,84.6,11
6.3,0.68,0.12,0.12,0.06,0.11,0.02,4803.54,208.66,96.27,11
6.91,1.25,0.08,0.05,0.02,0.12,0.02,2695.52,258.4,47.73,11
12.9,0.98,0.07,0.05,0.06,0.08,0.04,4425.11,414.12,51.85,11
6.66,0.94,0.14,0.05,0.04,0.09,0.03,2711.81,740.96,90.8,11
8.59,1.47,0.14,0.06,0.08,0.04,0.08,2398.8,1617.42,35.28,11
6.02,2.36,0.15,0.04,0.05,0.03,0.05,99.58,1409.59,130.74,11
10.72,0.85,0.12,0.05,0.11,0.1,0.06,5678.71,889.35,79.61,11
11.59,0.88,0.1,0.04,0.11,0.1,0.04,5534.12,1008.71,90.88,11
3.42,2.04,0.18,0.06,0.03,0.06,0.04,115.17,1284.63,67.38,11
8.95,0.89,0.22,0.09,0.06,0.04,0.03,4769.24,968.89,75.31,11
3.39,1.6,0.36,0.06,0.02,0.05,0.01,96.61,895.09,115.05,11
10.6,0.79,0.06,0.05,0.1,0.07,0.05,4563.99,1015.12,84.02,11
2.83,1.69,0.18,0.08,0.04,0.06,0.04,181.73,1233.6,181.26,11
8.45,1.01,0.1,0.04,0.08,0.12,0.03,3982.67,586.12,114.06,11
7.92,0.63,0.17,0.07,0.12,0.06,0.04,5204.77,1043.45,106.76,11
0.97,0.71,0.17,0.04,0.04,0.05,0.06,89.93,55.4,82.18,11
9.96,1,0.07,0.09,0.04,0.02,0.02,5249.73,791.59,98.94,11
13.66,0.83,0.07,0.06,0.11,0.05,0.01,3919.14,583.6,49.46,11
9.58,1.45,0.08,0.06,0.05,0.09,0.01,3478.94,791.77,59.37,11
10.61,2.19,0.21,0.08,0.1,0.08,0.02,3109.07,478.48,66.5,11
8.83,0.66,0.14,0.08,0.1,0.06,0.03,4330.53,783.24,77.4,11
3.41,0.64,0.08,0.04,0.09,0.1,0.05,1759.6,996.42,50.81,11
7.91,0.72,0.04,0.05,0.09,0.05,0.02,3633.63,642.55,51.88,11
8.1,1.68,0.14,0.1,0.06,0.07,0.05,2539.59,1052.06,71.22,11
5.62,1.9,0.09,0.03,0.05,0.13,0.05,2363.33,1448.6,86.39,11
7.52,0.8,0.15,0.09,0.08,0.1,0.04,3474.22,1093.17,55.26,11
11.62,2.52,0.23,0.11,0.13,0.06,0.02,3767.19,450.78,92.95,11
8.48,1.23,0.11,0.08,0.06,0.14,0.02,4210.3,219.33,82.24,11
6.87,2.29,0.08,0.08,0.09,0.08,0.05,2411.38,1199.8,60.4,11
13.21,0.87,0.12,0.1,0.09,0.07,0.05,5362.1,1074.01,113.73,11
9.17,0.72,0.09,0.08,0.05,0.04,0.05,4787.89,811.44,79.5,11
9.75,3.71,0.09,0.04,0.04,0.08,0.03,261.92,51.08,79.09,11
9.87,2.24,0.22,0.13,0.04,0.06,0.08,515.99,56.08,325.19,11
13.11,0.88,0.13,0.11,0.07,0.03,0.07,5012.56,1059.67,110.7,11
2.54,0.97,0.11,0.07,0.04,0.05,0.03,121.73,1044.16,37.1,11
6.29,1.09,0.14,0.06,0.07,0.09,0.03,2267.99,830.33,59.77,11
2.01,1.07,0.18,0.09,0.02,0.03,0.02,101.51,1043.33,95.2,11
5.27,0.72,0.12,0.05,0.07,0.14,0.03,2967.44,221.73,59.68,11
9.71,1.03,0.14,0.09,0.13,0.03,0.03,4648.77,851.6,131.2,11
2.54,1.91,0.27,0.04,0.05,0.05,0.04,104.79,1085.96,63.03,11
2.37,1.25,0.33,0.05,0.03,0.08,0.02,84.25,1098.02,41.9,11
8.88,1.21,0.08,0.04,0.03,0.06,0.05,2043.28,570.07,36.32,11
6.28,1.34,0.22,0.05,0.05,0.09,0.02,2418.63,511.19,85.24,11
9.84,0.6,0.06,0.09,0.15,0.05,0.07,3575.3,986.46,74.36,11
4.77,1.49,0.23,0.08,0.04,0.08,0.05,115.3,478.7,34.88,11
3.13,2.32,0.17,0.04,0.00481,0.03,0.06,84.57,885.29,75.8,11
2.89,1.61,0.11,0.06,0.01,0.03,0.02,82.72,912.72,49,11
5.52,2.09,0.09,0.07,0.1,0.12,0.05,2219.23,1734.11,84.75,11
8.6,0.84,0.06,0.08,0.12,0.07,0.04,3870.69,764.24,129.4,11
8.68,0.76,0.04,0.07,0.11,0.07,0.05,3801.52,813.63,58.58,11
9.87,1.02,0.24,0.1,0.14,0.08,0.04,5534.9,988.65,79.69,11
6.19,1.89,0.16,0.09,0.09,0.08,0.05,2496.65,316.04,85.95,11
2.67,1.33,0.32,0.05,0.02,0.05,0.03,87.51,1276.9,36.7,11
8.79,0.93,0.13,0.1,0.06,0.12,0.03,2780.87,656.81,29.38,11
10.22,1.08,0.14,0.1,0.12,0.06,0.04,4908.67,893.06,74.98,11
7.29,2.35,0.13,0.09,0.1,0.16,0.03,2765.72,1791.19,124.32,11
6.23,0.67,0.27,0.1,0.12,0.11,0.03,6898.52,301.45,136.65,11
4.99,1.82,0.06,0.02,0.04,0.06,0.03,129.92,1155.04,177.63,11
3.6,1.39,0.28,0.1,0.07,0.07,0.03,138.55,1173.7,163.46,11
8.63,2.59,0.31,0.15,0.13,0.11,0.04,3618.21,203.91,103.94,11
6.59,0.98,0.12,0.1,0.08,0.13,0.04,2973.34,1058.88,82.84,11
10.43,1.66,0.19,0.12,0.05,0.13,0.05,4086.72,461.94,169.12,11
7.61,2.1,0.26,0.12,0.13,0.11,0.03,3572.44,205.5,107.11,11
7.78,0.99,0.09,0.07,0.05,0.21,0.02,4160.11,1444.93,34.26,11
10.12,0.81,0.15,0.1,0.11,0.08,0.04,5088.45,1018.89,91.52,11
3.57,1.89,0.66,0.09,0.04,0.05,0.06,96.89,976.72,113.42,11
4.38,2.14,0.14,0.1,0.06,0.06,0.03,131.94,1078.81,112.22,11
10.56,1.9,0.2,0.08,0.17,0.09,0.02,4006.43,455.19,73.15,11
4.91,2.5,0.24,0.11,0.06,0.14,0.02,98.37,798.46,104.02,11
15.79,1.07,0.17,0.11,0.08,0.11,0.05,5011.37,440.33,72.84,11
4.23,1.33,0.24,0.15,0.07,0.12,0.03,113.17,495.91,34.84,11
13.43,2.68,0.21,0.16,0.09,0.09,0.02,3836.9,339.74,95.29,11
6.63,0.71,0.17,0.06,0.17,0.12,0.00934,5808.64,289,167.43,11
1.35,0.36,0.27,0.04,0.02,0.12,0,103.03,297.35,60.52,11
7.36,2.63,0.26,0.08,0.1,0.12,0.05,2410.9,1369.31,96.42,11
2.97,1.76,0.22,0.1,0.04,0.06,0.03,151.77,1575.56,70.44,11
10.67,0.88,0.19,0.1,0.11,0.1,0.02,4561.31,242.78,131.02,11
5.3,1.39,0.39,0.1,0.04,0.11,0.07,103.79,1031.3,78.84,11
5.64,0.73,0.25,0.07,0.04,0.11,0.02,3756.14,670.38,76.89,11
14.78,3.3,0.25,0.13,0.14,0.12,0.02,4428.93,393.5,124.37,11
12.93,3.16,0.09,0.05,0.05,0.11,0.03,2828.41,1773.49,103.02,11
13.28,0.85,0.12,0.11,0.09,0.08,0.05,5338.26,244.28,53.23,11
3.29,2.08,0.12,0.08,0.02,0.06,0.03,110.04,1111.39,63.43,11
7.51,2.16,0.35,0.12,0.15,0.09,0.07,3142.46,315.83,105.52,11
10.13,0.96,0.17,0.1,0.07,0.1,0.02,3749.58,178.89,116.2,11
10.75,0.94,0.11,0.07,0.15,0.11,0.0054,4955.15,304.32,121.92,11
8.48,0.87,0.14,0.11,0.11,0.16,0.02,5246.44,233.91,122.46,11
3.66,1.18,0.18,0.12,0.06,0.08,0.02,99.62,608.99,44,11
8.04,2.16,0.14,0.1,0.13,0.1,0.03,3006.08,1152.25,128.54,11
13.35,0.96,0.12,0.12,0.11,0.09,0.03,5455.31,1181.38,96.24,11
8.42,1.16,0.22,0.06,0.11,0.1,0,4107.76,269.51,85.04,11
3.14,2.24,0.25,0.13,0.02,0.06,0.03,69.13,1057.4,90.98,11
9.49,2.26,0.35,0.18,0.1,0.14,0.04,4381.54,260.89,128.95,11
11.95,2.34,0.22,0.16,0.15,0.11,0.05,3587.47,248.52,111.6,11
2.71,0.88,0.31,0.05,0.03,0.06,0.02,99.96,550.1,34.83,11
8.69,0.81,0.06,0.09,0.1,0.12,0.00769,4189.33,810.83,79.72,11
19.87,3.07,0.18,0.13,0.13,0.13,0.08,3277.64,196.25,95.92,11
6.05,0.9,0.06,0.05,0.06,0.02,0.02,2067.56,1224.33,114.29,11
3.55,0.74,0.12,0.07,0.07,0.13,0.04,2311.6,881.46,38.07,11
4.73,1.45,0.39,0.1,0.03,0.17,0.07,113.14,876.81,85.22,11
3.62,1.85,0.24,0.14,0.08,0.04,0.02,89.35,933.4,54.09,11
7.37,1.33,0.21,0.15,0.14,0.12,0.05,3956.41,220.86,85.79,11
8.31,2.81,0.3,0.13,0.22,0.12,0.03,3291.13,243.5,84.35,11
3.23,1.19,0.22,0.07,0.02,0.04,0.02,120.98,1034.9,90.02,11
3.76,1.93,0.21,0.11,0.09,0.11,0.01,153.55,591.63,45.15,11
2.5,1.02,0.28,0.04,0.02,0.05,0.02,77.46,933.7,41.7,11
8.09,1.12,0.27,0.14,0.14,0.1,0.00971,4143.65,404.14,59.78,11
9.21,1.01,0.09,0.02,0.08,0.05,0.00491,2157.26,814.91,46.99,11
8.92,1.26,0.2,0.12,0.14,0.12,0,4219.53,422.13,77.98,11
4.47,1.22,0.19,0.02,0.02,0.08,0.03,137.64,430.78,40.82,11
9.69,2.55,0.2,0.17,0.16,0.13,0.02,4290.33,448.18,86.4,11
1.98,0.74,0.16,0.05,0.04,0.04,0.03,88.92,781.69,56.69,11
9.97,0.91,0.2,0.12,0.08,0.09,0.02,4328.56,293.1,100.72,11
3.75,2.09,0.25,0.1,0.03,0.08,0.03,110.16,1147.2,111.18,11
2.31,1.4,0.3,0.16,0.07,0.14,0.06,100.75,935.47,67.78,11
3.28,2.23,0.55,0.15,0.07,0.08,0.01,102.44,1167.55,141.89,11
10.13,1.16,0.11,0.09,0.06,0.12,0.006,3463.29,214.19,61.92,11
13.19,2.47,0.12,0.11,0.18,0.13,0.04,3158.7,282.91,91.48,11
9.98,1.3,0.07,0.08,0.07,0.15,0.02,2133.8,787.59,33.44,11
5.61,1.8,0.15,0.09,0.07,0.15,0.04,112.11,297.6,57.23,11
2.83,1.96,0.33,0.02,0.04,0.03,0.03,83.41,848.43,96.65,11
1.85,1.83,0.44,0.14,0.07,0.1,0.02,78.09,789.08,73.62,11
2.54,0.82,0.18,0.09,0.1,0.05,0.03,119.74,1253.01,52.27,11
10.67,1.09,0.15,0.14,0.15,0.07,0.02,5128.81,354.3,186.49,11
7.3,1.51,0.15,0.11,0.09,0.15,0.03,2520.66,545.39,41.7,11
9,1.05,0.11,0.12,0.1,0.1,0.02,4277.85,826.77,80.08,11
6.25,1.11,0.18,0.1,0.17,0.13,0.05,3547.08,310.41,61.81,11
17.26,2.53,0.18,0.15,0.13,0.12,0.05,3227,224.54,70.06,11
14.01,2.85,0.26,0.19,0.17,0.1,0.06,3970.95,286.81,116.28,11
5.47,1.63,0.34,0.04,0.1,0.07,0.04,2367.91,1045.41,54.11,11
6.48,1.56,0.12,0.1,0.22,0.09,0.07,3892.19,142.91,72.77,11
6.49,0.93,0.08,0.07,0.06,0.2,0.05,1612.96,864.92,41.67,11
6.02,2.6,0.15,0.12,0.13,0.17,0.06,2272.58,1643.25,71.64,11
5.01,2.97,0.16,0.12,0.05,0.05,0.06,102.56,1100.19,94.48,11
16.76,1.08,0.06,0.13,0.09,0.04,0.04,5472.06,736.53,94.58,11
8.61,1.32,0.19,0.14,0.1,0.15,0.03,3431.21,287.72,78.75,11
3.08,0.95,0.13,0.1,0.03,0.03,0.01,98.22,1247.62,52.8,11
7.72,1.13,0.13,0.1,0.12,0.11,0.05,2116.13,1111.82,45.01,11
7.34,1.51,0.29,0.14,0.2,0.1,0.03,3646.36,441.24,96.58,11
10.26,1.11,0.26,0.16,0.07,0.07,0.04,4992.35,808.6,98.85,11
3.25,1.33,0.47,0.08,0.08,0.09,0.03,118.89,1030.54,71.67,11
6.53,1.83,0.18,0.2,0.11,0.09,0.02,2851.19,305.69,70.35,11
9.91,1.81,0.15,0.13,0.21,0.12,0.01,3841.05,360.01,79.09,11
7.86,1.62,0.26,0.17,0.15,0.13,0.03,3868.52,442.93,88.89,11
3.32,1.22,0.34,0.09,0.12,0.07,0.02,92.75,168.07,49.41,11
8.36,1.33,0.22,0.13,0.18,0.14,0.01,4362.05,271.78,81.92,11
7.82,3.59,0.19,0.13,0.12,0.1,0.05,3632.9,851.98,150.04,11
4.65,2.04,0.38,0.14,0.07,0.17,0.02,121.42,1172.63,99.49,11
7.13,1.73,0.18,0.15,0.08,0.1,0.03,2825.71,170.8,65.43,11
5.26,0.73,0.19,0.16,0.11,0.07,0.02,4260.31,300.84,96.88,11
2.66,0.7,0.29,0.07,0.08,0.04,0.04,73.1,320.72,34.46,11
16.58,3,0.28,0.15,0.22,0.15,0.06,3939.5,209.7,94.85,11
8.35,0.91,0.29,0.14,0.12,0.07,0.03,4513.72,249.1,119.92,11
5.31,1.85,0.37,0.18,0.1,0.11,0.0052,169.03,306.98,112.28,11
9.41,2.03,0.44,0.11,0.2,0.12,0.01,3288.13,235.09,99.32,11
11.79,2.32,0.15,0.12,0.16,0.18,0.05,4277.42,412.27,102.25,11
7.3,2.59,0.11,0.12,0.12,0.16,0.03,1843.44,1750.05,74.85,11
2.87,1.52,0.57,0.12,0.05,0.03,0.02,92.37,1449.4,31.85,11
5.64,0.98,0.13,0.09,0.11,0.27,0.04,2877.21,1215.07,49.37,11
7.44,0.98,0.14,0.12,0.07,0.16,0.01,3610.3,849.43,61.37,11
11.07,1.03,0.17,0.11,0.09,0.11,0.01,3899.74,204.64,116.31,11
10.47,1.58,0.06,0.07,0.12,0.12,0.03,2284.72,1780.52,35.61,11
5.43,2.48,0.38,0.09,0.07,0,0.04,117.69,785.96,73.25,11
3.57,0.82,0.18,0.1,0.2,0.28,0.04,2590.86,1000.38,25.73,11
3.33,1.13,0.16,0.15,0.12,0.04,0.04,99.16,760.23,38.3,11
10.34,2.66,0.42,0.18,0.22,0.16,0.03,4064.9,260.52,155.41,11
2.18,1.12,0.35,0.1,0.04,0.04,0.03,81.11,1462.9,59.67,11
9.41,1.52,0.12,0.08,0.15,0.15,0.05,2208.01,1288.09,49.59,11
6.59,2.86,0.13,0.11,0.1,0.14,0.03,2715.54,1711.4,129.64,11
2.68,0.93,0.19,0.14,0.05,0.06,0.03,64.89,1320.7,52.83,11
2.93,1.77,0.56,0.17,0.05,0.1,0.06,114.75,1025.5,117.98,11
10.68,2.89,0.31,0.16,0.22,0.21,0.07,5237.22,312.61,82.9,11
7.1,0.92,0.15,0.05,0.13,0.16,0.03,1755.41,1349.06,29.16,11
11.39,1.92,0.15,0.12,0.13,0.2,0.02,1587.84,601.4,51.32,11
3.19,1.2,0.32,0.09,0.09,0.09,0.02,63.31,677.63,100.46,11
8.75,1.4,0.1,0.09,0.09,0.15,0.03,2330.93,1049.64,74.48,11
2.99,2.22,0.45,0.19,0.06,0.11,0.01,120.03,408.45,91.73,11
20.05,3.77,0.31,0.21,0.22,0.12,0.06,2920.49,226.32,91.22,11
5.62,0.67,0.21,0.2,0.13,0.07,0.03,5515.55,300.2,139.2,11
8.9,1.45,0.13,0.11,0.1,0.16,0.01,2587.51,1018.5,29.22,11
1.95,0.91,0.31,0.12,0.05,0.06,0.03,107.55,767.97,58.41,11
8.61,0.96,0.2,0.13,0.14,0.09,0.06,4786.41,243.06,133.76,11
8.96,2.2,0.26,0.18,0.3,0.13,0.05,3585.75,413.22,89.5,11
5.12,1.15,0.38,0.09,0.1,0.2,0.04,3040.49,558.13,114.81,11
8.41,1.1,0.28,0.18,0.14,0.13,0,4130.69,274.57,81.91,11
11.61,1.1,0.22,0.13,0.16,0.18,0.06,3492.66,1139.01,26.68,11
2.52,0.75,0.18,0.11,0.06,0.12,0.00493,74.6,903.79,47.79,11
5.35,1.64,0.54,0.2,0.16,0.14,0.02,3971.36,384.51,95.51,11
8.03,1.74,0.31,0.23,0.19,0.13,0.04,4275.94,344.94,99.53,11
2.25,1.03,0.34,0.12,0.02,0.06,0.03,85.91,338.3,70.48,11
10.36,1.68,0.13,0.04,0.13,0.13,0.05,1988.28,1426.44,49.6,11
11.94,2.33,0.35,0.19,0.25,0.16,0.07,3936.66,280.37,127.28,11
6.95,1.21,0.11,0.12,0.13,0.13,0.01,3768.15,202.17,67.53,11
6.39,1.07,0.07,0.1,0.11,0.16,0.03,2039.83,963.32,44.98,11
6.57,2.14,0.48,0.13,0.2,0.19,0.02,3951.56,359.96,109.31,11
7.64,1.22,0.17,0.12,0.16,0.27,0.04,3355.39,1130.95,40.16,11
10.37,1.28,0.24,0.19,0.2,0.14,0.03,4326.27,305.68,79.63,11
10.51,1.54,0.08,0.06,0.09,0.16,0.02,2376.36,1282.11,33.2,11
5.72,1.07,0.39,0.12,0.1,0.13,0.04,2294.57,685.46,55.4,11
18.18,3.41,0.19,0.15,0.29,0.11,0.07,3404.61,227.97,85.46,11
3.52,1.29,0.14,0.17,0.07,0.09,0.02,130.28,501.57,142.02,11
5.23,1.62,0.44,0.18,0.21,0.16,0.0055,3382.07,377.95,89.52,11
4.13,1.06,0.35,0.12,0.09,0.1,0.03,139.39,812.1,44.74,11
10.84,3.39,0.1,0.13,0.11,0.09,0.02,2016.37,1295.71,78.93,11
14.61,0.77,0.02,0.07,0.1,0.06,0.03,4103.46,683.47,61.46,11
14.13,2.5,0.22,0.16,0.22,0.18,0.03,4712.79,453.56,101.21,11
11.52,0.71,0.09,0.16,0.15,0.1,0.08,4861.23,1037.42,71.14,11
3.19,1.03,0.34,0.11,0.1,0.08,0.04,76.81,941.16,66.81,11
8.55,1.36,0.28,0.22,0.18,0.12,0.04,5037.11,235.81,121.61,11
8.69,1.79,0.17,0.08,0.08,0.24,0.02,1830.66,690.39,48.25,11
15.94,0.88,0.04,0.09,0.03,0.09,0.04,4810.14,544.96,63.85,11
10.16,1,0.32,0.17,0.12,0.18,0.03,4631.8,192.36,146.67,11
9.51,1,0.23,0.12,0.16,0.16,0.02,5008.07,287.77,88.19,11
16.14,2.5,0.46,0.18,0.25,0.23,0.07,3915.83,241.04,90.8,11
10.47,2.63,0.15,0.12,0.16,0.14,0.08,2699.6,863.18,118.35,11
9.68,2.54,0.48,0.29,0.19,0.15,0.08,3368.03,231.1,73.45,11
10.32,0.82,0.16,0.19,0.1,0.11,0.02,5487.91,244.17,124.01,11
18.42,2.98,0.21,0.23,0.28,0.11,0.07,3988.95,351.06,84.35,11
7.88,1.05,0.12,0.15,0.18,0.17,0.02,5408.53,390.75,132.51,11
11.71,2.28,0.11,0.24,0.09,0.13,0.03,4098.41,371.01,91.88,11
9.4,1.7,0.11,0.06,0.03,0.12,0.00912,1795.05,529.69,64.8,11
7.21,0.89,0.14,0.1,0.11,0.14,0.03,2590.39,237.88,31.39,11
2.7,1.05,0.35,0.02,0.01,0.06,0.03,135.49,1038.46,104.94,11
13.04,2.35,0.29,0.15,0.32,0.22,0.05,3760.37,407.18,75.31,11
6.08,0.83,0.34,0.12,0.16,0.18,0.03,3684.34,1655.8,121.1,11
7.45,1.26,0.12,0.16,0.08,0.21,0.04,2800.51,732.44,42.72,11
16.36,3.11,0.06,0.12,0.07,0.14,0.01,2041.28,1153.45,65.75,11
12.08,1.03,0.15,0.11,0.11,0.09,0.03,3863.83,193.68,109.39,11
3.1,0.75,0.29,0.17,0.03,0.07,0.05,138.94,91.89,133.47,11
4.81,1.2,0.52,0.14,0.16,0.2,0.01,2826.3,248.44,75.01,11
7.14,0.75,0.3,0.2,0.16,0.15,0.03,4228.88,276.68,90.7,11
11.27,2.45,0.22,0.16,0.28,0.15,0.02,3424.73,473,75.64,11
8.24,0.82,0.16,0.17,0.09,0.16,0.02,5122.9,328.73,58.48,11
13.65,2.48,0.18,0.16,0.24,0.21,0.05,2751.57,209.53,87.46,11
7.31,1.35,0.09,0.13,0.2,0.14,0.05,2746.06,821.81,26.88,11
14.98,2.77,0.25,0.19,0.3,0.2,0.05,2924.17,242.76,97.09,11
12.35,2.17,0.26,0.17,0.29,0.21,0.05,3871.48,226.18,149.43,11
14.51,1.47,0.03,0.07,0.1,0.17,0.06,2060.23,1833.31,34.08,11
17.23,2.73,0.34,0.15,0.26,0.29,0.06,4406.24,227.72,122.91,11
7.39,1.16,0.19,0.14,0.13,0.3,0.01,4461.7,993.9,114.44,11
7.93,3.1,0.26,0.23,0.17,0.19,0.03,3511.95,882.24,135.26,11
13.81,2.62,0.08,0.13,0.11,0.21,0.03,1929.74,1517.71,48.55,11
2.48,1.15,0.12,0.14,0.02,0.06,0.03,127.23,1318.47,103.38,11
8.84,1.55,0.06,0.08,0.17,0.34,0.04,3094.08,1391.29,63.65,11
8.3,2.27,0.76,0.2,0.25,0.19,0.07,3698.84,343.69,97.88,11
14,1.03,0.21,0.19,0.23,0.2,0.04,3909.19,1237.15,27.73,11
8.59,1.02,0.2,0.2,0.11,0.16,0.00804,4362.2,183.93,128.21,11
2.36,0.58,0.28,0.06,0.02,0.08,0.02,129.8,740.35,39.59,11
4.21,1.68,0.71,0.15,0.05,0.18,0.08,74.02,269.83,47.76,11
5.44,2.05,0.17,0.14,0.18,0.25,0.05,2474.34,1756.99,91.01,11
3.44,1.15,0.3,0.16,0.07,0.04,0.02,100.78,845.17,49.54,11
2.84,1.8,0.24,0.27,0.11,0.07,0.07,173.07,1229.71,163.87,11
18.4,1.98,0.24,0.24,0.15,0.06,0,5064.89,1008.24,91.74,11
18.01,2.94,0.14,0.18,0.26,0.21,0.07,4444.29,280.01,103.35,11
2.12,0.57,0.23,0.14,0.06,0.08,0.01,107.83,707.63,52.07,11
10.5,1.84,0.38,0.22,0.24,0.24,0.05,3884.25,272.32,130.09,11
2.68,0.45,0.16,0.1,0.19,0.27,0.05,2162.37,390.07,35.63,11
7.78,1.47,0.29,0.15,0.23,0.27,0.02,3905.61,904.97,150.04,11
3.64,2.41,0.3,0.11,0.03,0.04,0.03,114.51,951.3,93.6,11
2.68,1.49,0.41,0.18,0.05,0.2,0.02,121.52,842.02,98.93,11
0.95,0.54,0.37,0.28,0.06,0.08,0.06,126.78,252.09,85.05,11
9.73,2.92,0.2,0.16,0.18,0.18,0.07,1926.92,942.48,58.62,11
7.41,1.85,0.31,0.3,0.2,0.27,0.05,3147.06,290.1,93.7,11
3.83,0.76,0.09,0.17,0.15,0.2,0.05,1970.6,848.13,75.47,11
13.85,2.77,0.02,0.06,0.13,0.16,0.08,2084.5,1393.52,87.29,11
22.93,4.4,0.16,0.2,0.23,0.24,0.06,4481.06,461.72,95.01,11
7.48,1.98,0.21,0.17,0.13,0.24,0.06,1360.2,305.58,71.95,11
8.57,0.92,0.04,0.08,0.22,0.15,0.03,1977.94,935.02,28.61,11
7.93,1.47,0.12,0.14,0.19,0.17,0.03,2370.23,1518.61,37.55,11
2.67,0.82,0.47,0.12,0.07,0.07,0.03,62.56,561.62,47.39,11
10.02,1.9,0.13,0.16,0.22,0.2,0.04,1980.5,1422.63,47.7,11
9.51,1.37,0.17,0.23,0.33,0.19,0.05,4156.21,279.18,88.71,11
10.34,1.57,0.28,0.16,0.22,0.34,0.04,2640.59,799.47,90.84,11
8.91,1.48,0.38,0.29,0.21,0.18,0.04,4130.86,386.72,118.1,11
3.83,1.51,0.26,0.25,0.1,0.18,0.03,94.98,766.35,28.4,11
21.78,3.61,0.55,0.21,0.31,0.35,0.07,5243.49,343.58,148.57,11
12.84,1.95,0.27,0.32,0.24,0.2,0.03,4750.35,331.91,89.2,11
4.34,1.6,0.93,0.16,0.06,0.14,0.02,116.36,824.23,46.87,11
5.67,1.78,0.29,0.24,0.3,0.27,0.03,3477.28,258.92,129.73,11
2.5,0.98,0.48,0.22,0.06,0.08,0.02,93.4,649.32,39.25,11
15.6,3.64,0.15,0.16,0.11,0.16,0.03,2233.36,432.91,113.45,11
9.94,2.32,0.32,0.2,0.23,0.27,0.02,2285.64,1229.29,128.37,11
8.94,1.55,0.35,0.2,0.24,0.34,0.01,3700.29,332.17,108,11
5.6,1.73,0.33,0.15,0.22,0.35,0.06,2278.48,104.92,43.98,11
2.67,1.1,0.3,0.17,0.08,0.08,0.00395,112.08,398.63,101.24,11
8.75,1.91,0.32,0.24,0.21,0.41,0.01,2654.08,1008.56,88.58,11
9.1,2.38,0.21,0.22,0.4,0.29,0.06,2903.91,456.64,121.83,11
12.03,2.06,0.14,0.18,0.24,0.34,0.02,3488.09,1287.9,93.62,11
8.77,1.6,0.36,0.19,0.29,0.39,0.03,4296.35,980.82,90.27,11
4.65,1.49,0.33,0.37,0.11,0.12,0.05,140.04,1078.07,87.08,11
2.65,0.88,0.49,0.28,0.16,0.13,0.03,79.78,241.1,78.56,11
12.93,1.67,0.13,0.15,0.27,0.44,0.02,3428.42,671.5,103.83,11
5.33,0.65,0.13,0.26,0.05,0.1,0.02,3591.06,565.79,48.91,11
12.58,1.61,0.03,0.16,0.21,0.22,0.03,2146.92,1150.01,34.14,11
9.49,3.04,0.78,0.38,0.26,0.15,0.08,269.19,70.86,200.01,1
8.56,3.98,0.34,0.23,0.01,0.07,0.05,258.07,53.12,46.34,1
2.78,0.69,0.1,0.17,0.01,0.07,0.00836,149.16,36.42,52.39,1
5.05,0.64,0.26,0.24,0.08,0.04,0.02,349.46,59.71,118.81,1
5.23,1.27,0.04,0.01,0.07,0.03,0.04,193.22,56.62,182.67,1
4.11,1.44,0.46,0.26,0.03,0.05,0.01,190.88,53.4,181.59,1
7.81,2.62,0.58,0.45,0.18,0.08,0.02,174.48,59.31,70.26,1
2.85,1.54,0.67,0.25,0.05,0.06,0.06,186.2,78.73,61.83,1
19.45,4.48,0.62,0.49,0.17,0.11,0.07,196.93,41.84,71.62,1
0.48,0.15,0.27,0.14,0.05,0.05,0.00566,248.18,43.16,83.19,1
3.28,0.79,0.59,0.21,0.11,0.08,0.08,238.26,43.79,98.79,1
7.34,1.73,0.34,0.36,0.08,0.12,0,238.67,83.26,97.72,1
8.06,2.43,1.58,0.2,0.01,0,0.01,345.11,62.84,73.66,1
6.26,1.51,0.1,0.21,0.02,0.1,0.07,190.84,50.01,22.87,1
4.99,1.68,0.42,0.22,0.02,0.07,0.01,249.7,43.16,52.94,1
4.84,1.29,0.68,0.29,0.08,0.24,0.08,306.86,46.36,90.31,1
2.82,0.57,0.26,0.09,0.02,0.04,0.03,209.61,45.13,17.12,1
8.6,2.25,0.02,0.09,0.02,0.04,0.03,242.27,50.26,132.77,1
6.56,3.77,0.61,0.41,0.04,0.08,0.05,200.8,50.57,85.47,1
7.97,1.98,0.44,0.3,0.2,0.15,0.03,360.37,53.92,55.01,1
7.42,2.03,0.04,0.15,0.03,0.02,0.02,167.52,41.24,60.07,1
9.34,2.13,0.21,0.23,0.01,0.05,0.03,272.13,83.49,74.17,1
9.13,2.5,0.4,0.31,0.28,0.13,0.04,288.75,55.78,85.5,1
6.02,1.69,0.4,0.19,0.02,0.06,0.01,206.96,39.76,84.47,1
9.08,4.45,0.78,0.49,0.11,0.17,0.02,249.85,64.35,85.79,1
5.9,3.81,0.11,0.24,0.08,0.16,0.04,219.42,68.53,99.87,1
2.9,0.8,0.25,0.33,0.07,0.04,0.04,216.68,44.41,54.74,1
5.61,1.77,0.15,0.13,0.00966,0.03,0.04,161.82,46.1,40.68,1
11.53,3.12,0.22,0.25,0.07,0.24,0.19,351.78,69.22,109.16,1
7,1.79,0.18,0.01,0.02,0.05,0.02,231.71,19.48,38.9,1
5.61,0.82,0.17,0.21,0.00681,0.12,0.02,93.44,57.97,65.48,1
8.57,2.52,0.5,0.39,0.34,0.08,0.07,293.09,66.45,164.25,1
5.15,1.95,0.11,0.18,0.04,0.1,0.05,269.5,39.85,38.47,1
4.84,3.04,0.19,0.00983,0.03,0.02,0.08,149.88,56.61,65.08,1
13.82,5.46,0.94,0.44,0.32,0.13,0.05,181.06,44.78,141.78,1
8.56,2.24,0.69,0.46,0.24,0.13,0.08,296.33,99.87,117.77,1
5.5,1.95,0.85,0.36,0.23,0.09,0.01,253.75,59.07,150.73,1
9.59,2.69,0.06,0.19,0.05,0.11,0.07,296.59,86.46,281.01,1
5.3,1.95,0.11,0.01,0.01,0.02,0.04,187.28,38.65,45.39,1
3.15,1.23,0.17,0.11,0.01,0.03,0.02,252.97,36.52,81.73,1
8.51,1.68,0.49,0.33,0.28,0.17,0.03,202.57,78.5,64.81,1
12.69,3.85,0.24,0.34,0.04,0.05,0.08,242.29,39.42,77.01,1
13.88,3.87,0.08,0.24,0.1,0.03,0.00926,237.39,44.56,84.49,1
5.22,0.62,0.05,0.2,0.1,0.16,0.05,245.69,49.23,73.92,1
8.77,1.53,0.06,0.16,0.00866,0.03,0.03,194.58,71.72,70.22,1
3.63,2.23,0.82,0.2,0.13,0.23,0.05,149.39,46.82,38.53,1
4.56,1.35,0.53,0.19,0.06,0.09,0.00781,229.43,55.13,101.79,1
8.36,2.34,0.08,0.01,0.08,0.11,0.03,205.78,47.41,52.11,1
6.91,2.87,0.12,0.19,0.04,0.07,0.04,258.47,44.44,134.73,1
6.75,0.63,0.21,0.28,0.04,0.03,0.01,189.42,41.97,38.94,1
4.23,2.65,0.52,0.34,0.04,0.15,0.01,215.32,58.93,105.69,1
5.23,1.19,0.91,0.19,0.1,0.1,0.07,233.23,44.61,51.81,1
3.82,2.2,0.29,0.14,0.07,0.13,0.04,181.07,65.89,55.07,1
4.49,1.26,0.19,0.19,0.02,0.04,0.00679,155.77,42.5,100.69,1
1.49,0.59,0.6,0.14,0.05,0.05,0.07,259.98,55.6,130.62,1
21.93,2.59,0.04,0.16,0.09,0.07,0.08,320.97,77.94,204.9,1
4.06,0.93,0.58,0.22,0.08,0.17,0.04,206.44,45.36,59.16,1
1.93,0.65,0.63,0.07,0.03,0.08,0.00439,167.81,24.19,47.29,1
2.66,0.44,0.35,0.1,0.04,0.06,0.02,238.92,74.63,137.58,1
8.54,0.99,0.63,0.36,0.07,0.1,0.02,289.82,60.84,64.29,1
6.25,3.39,0.29,0.02,0.04,0.06,0.04,343.18,78.11,206.47,1
4.65,1.12,0.32,0.22,0.02,0.07,0.06,257.69,52.35,142.02,1
4.55,1.34,0.16,0.25,0.04,0.06,0.04,111.12,56.7,77.53,1
2.25,0.89,0.16,0.22,0.06,0.00968,0.01,104.4,35.62,38.12,1
3.51,1.15,0.63,0.16,0.05,0.1,0.07,246.14,73.39,99.72,1
3.32,1.1,0.42,0.09,0.04,0.06,0.02,173.72,48.68,161.78,1
6.73,2.24,0.12,0.2,0.01,0.06,0.03,293.42,48.25,105.09,1
8.84,1.38,0.21,0.22,0.00936,0.04,0.04,244.39,59.58,69.78,1
5.85,1.56,0.04,0.18,0.05,0.06,0.03,286.34,50.02,151.08,1
6.49,1.77,0.25,0.01,0.02,0.07,0.06,181.26,36.8,98.34,1
5.22,1.54,0.24,0.24,0.02,0.02,0.03,176.11,41.69,76.55,1
7.88,2.35,0.16,0.17,0.00531,0.08,0.06,300.19,56.78,131.68,1
8.86,4.19,0.76,0.41,0.19,0.12,0.03,245.54,66.35,138.73,1
5.77,2.01,0.2,0.35,0.07,0.04,0.03,153.61,47.51,62.22,1
9.41,3.42,0.37,0.37,0.25,0.09,0.01,205.66,68.21,306.11,1
3.19,0.4,0.22,0.18,0.04,0.06,0.02,144.67,29.7,25.4,1
7.62,3.02,0.33,0.19,0.00651,0.07,0.04,175.52,57.17,69.71,1
9.34,2.5,0.57,0.29,0.31,0.14,0.01,338.88,71.25,180.41,1
2.43,1.66,0.68,0.18,0.09,0.14,0.02,189.15,47.54,101.16,1
5.12,1.85,0.82,0.26,0.11,0.06,0.02,195.93,42.07,158.71,1
3.67,0.71,0.42,0.07,0.07,0.15,0.01,212.64,67.04,107.1,1
4.91,2.56,0.22,0.25,0.04,0.12,0.03,128.35,64.63,44.15,1
5.48,1.72,0.05,0.2,0.02,0.11,0.02,234.97,43.6,41.3,1
7.71,3.4,0.09,0.26,0.06,0.09,0.05,218.83,69.43,75.49,1
10.66,2.2,0.34,0.02,0.05,0.06,0.13,388.64,67.39,46.98,1
7.41,3.27,0.14,0.28,0.04,0.08,0.04,260.3,64.53,56.07,1
13.09,5.38,0.42,0.41,0.19,0.1,0.04,203.67,46.74,122.51,1
2.57,0.97,0.19,0.01,0.05,0.04,0.05,286.03,40.2,112.01,1
2.92,0.4,0.23,0.17,0.03,0.04,0.01,204.17,17.13,31.77,1
3.34,1.43,0.09,0.12,0.01,0.03,0.02,150.06,36.94,35.8,1
3.04,1.12,0.56,0.31,0.07,0.11,0.08,148.46,47.63,53.87,1
6.09,1.86,0.37,0.33,0.34,0.08,0.05,276.59,48.6,78.66,1
4.79,2.52,0.76,0.43,0.07,0.06,0.02,150.21,70.08,52.25,1
4.48,2.2,0.14,0.32,0.03,0.14,0.06,188.92,54.33,59.33,1
11.3,2.03,0.05,0.19,0.03,0.09,0.03,206.64,75.16,77.45,1
7.03,1.45,0.29,0.13,0.00401,0.03,0.02,247.66,50.67,71.93,1
2.39,0.95,0.36,0.19,0.06,0.02,0.01,163.6,36.5,67.33,1
5.23,1.63,0.36,0.11,0.04,0.15,0.04,218.92,45.92,673.9,1
16.84,3.79,0.18,0.38,0.19,0.05,0.08,296.83,59.18,161.66,1
8.59,4.49,0.63,0.36,0.18,0.13,0.02,253.73,52.98,75.94,1
5.37,0.93,0.72,0.24,0.07,0.12,0.05,216.24,63.89,167.58,1
6.94,2.12,1.03,0.37,0.15,0.19,0.05,468.28,74.08,152.69,1
6.73,2.84,0.44,0.41,0.05,0.1,0.03,355.8,80.67,146.17,1
5.14,1.9,0.06,0.23,0.03,0.11,0.04,207.41,82.04,124.92,1
4.04,1.07,0.4,0.19,0.07,0.08,0.00353,249.15,40.44,103.61,1
3.01,3.25,0.05,0.17,0.05,0.03,0.04,124.05,57.88,148.13,1
8.27,2.37,0.08,0.25,0.11,0.03,0.06,250.05,45.56,68.1,1
7.18,2.66,1.08,0.45,0.13,0.11,0.01,278.83,59.61,288.14,1
7.73,3.01,0.13,0.26,0.05,0.08,0.03,212.42,38.33,61.74,1
4.54,1.47,0.44,0.31,0.14,0.1,0.04,241.74,60.33,47.17,1
7.92,3.23,0.05,0.13,0.00706,0.05,0.04,235.42,60.39,69.91,1
6.39,2.08,0.14,0.13,0.00311,0.11,0.03,155.06,77.61,149.81,1
9.86,1.43,0.47,0.34,0.22,0.11,0.05,567.43,57.43,171.55,1
3.14,0.88,0.37,0.17,0.05,0.04,0.02,171.96,31.38,114.41,1
8.22,4.86,0.25,0.01,0.06,0.11,0.02,223.74,70.55,187.78,1
3.91,2.36,0.05,0.2,0.04,0.03,0.03,175.52,52.07,76.12,1
5.16,4.77,0.18,0.29,0.02,0.06,0.02,133.94,43.47,48.59,1
15,3.55,0.77,0.41,0.31,0.23,0.09,483.46,113.31,131.32,1
5.47,1.79,0.43,0.3,0.09,0.14,0.03,148.78,45.72,77.86,1
2.83,0.64,0.27,0.1,0.06,0.06,0.00985,196.81,43.88,101.81,1
7.66,3.07,1,0.46,0.22,0.15,0.02,333.01,51.64,109.39,1
10.4,2.06,0.04,0.17,0.06,0.09,0.04,215.88,60,92.76,1
5.26,3.08,1.64,0.44,0.06,0.06,0.08,225.8,49.72,133.87,1
3.21,0.6,0.39,0.33,0.06,0.09,0.00729,188.68,46.77,72.66,1
7.8,2.61,0.19,0.21,0.01,0.03,0.08,251.34,55.11,163.33,1
3.14,1.59,0.4,0.27,0.05,0.08,0.01,191.85,43.93,103.74,1
6.83,2.28,0.48,0.31,0.04,0.1,0.09,244.87,101.23,119.19,1
5.52,1.02,0.84,0.26,0.06,0.07,0.03,273.68,54.72,125.98,1
4.07,1.66,0.37,0.33,0.09,0.21,0.02,149.62,46.74,67.63,1
6.33,1.77,1.03,0.33,0.24,0.2,0.07,351.01,53.3,54.02,1
8.88,1.64,0.14,0.34,0.09,0.1,0.05,239.95,70.78,119.81,1
6.28,1.96,0.39,0.17,0.04,0.07,0.00816,265.55,51.35,52.99,1
3.46,0.83,0.59,0.26,0.09,0.11,0.01,105.98,49.21,56.55,1
7.25,0.85,0.4,0.36,0.03,0.21,0.04,209.16,71.19,118.39,1
4.95,1.69,0.57,0.34,0.05,0.05,0.01,251,97.74,106.04,1
2.57,1.85,0.76,0.41,0.08,0.13,0.03,185.71,56.3,101.09,1
4.62,2.78,0.99,0.44,0.08,0.14,0.03,171.86,85.89,103.47,1
7.57,1.25,0.49,0.41,0.15,0.04,0.03,137.82,39.73,41.76,1
7.78,3.97,0.02,0.1,0.04,0.03,0.02,237.04,88.6,73.64,1
5.79,1.65,0.57,0.41,0.16,0.14,0.02,187.92,63.61,115.96,1
13.46,3.45,0.17,0.02,0.07,0.05,0.05,247.71,52.47,99.68,1
4.96,2.38,0.63,0.37,0.06,0.12,0.06,203.01,55.49,73.92,1
3.75,1.52,0.73,0.17,0.04,0.05,0.01,174.18,41.29,54.73,1
5.67,1.2,0.02,0.1,0.02,0.04,0.05,150.58,45.81,72.64,1
4.69,2.55,0.56,0.27,0.15,0.13,0.03,199.69,44.02,103.68,1
5.82,1,0.6,0.3,0.13,0.07,0.04,197.87,31.9,45.15,1
4.53,1.98,0.18,0.35,0.06,0.11,0.03,208.67,44.61,72.13,1
15.67,5.98,1.58,0.5,0.46,0.2,0.06,162.41,55.71,105.29,1
5.06,2.98,0.15,0.01,0.06,0.07,0.03,238.37,68.78,144.55,1
6.12,2.87,0.53,0.41,0.24,0.12,0.04,276.77,68.53,155.62,1
6.13,1.91,0.08,0.22,0.04,0.1,0.01,184.59,38.69,71.95,1
3.54,0.83,0.79,0.13,0.06,0.14,0.03,94.88,55.32,44.96,1
12.17,3.04,0.04,0.17,0.06,0.07,0.03,252.01,45.75,82.14,1
5.69,3.38,0.11,0.19,0.01,0.04,0.03,175.51,50.75,31.77,1
7.76,2.86,0.2,0.27,0.02,0.02,0.02,238.58,62.52,202.7,1
5.78,2.25,0.12,0.01,0.03,0.05,0.02,265.81,41.84,108.12,1
6.83,2.01,0.27,0.02,0.08,0.03,0.02,194.84,47.56,67.05,1
14.04,3.75,0.82,0.45,0.23,0.28,0.06,288.75,101.66,24.49,1
1.81,0.66,1.17,0.17,0.17,0.16,0.04,225.27,44.88,85.05,1
10.35,2.64,0.04,0.12,0.01,0.02,0.01,232.1,52.62,45.8,1
7.9,2.53,0.18,0.01,0.02,0.04,0.02,240.86,47.8,66.59,1
3.76,1.13,0.52,0.27,0.1,0.05,0.02,153.52,54.1,94.72,1
4.67,1.94,2.87,0.09,0.04,0.04,0.03,324.2,64.08,160.28,1
4.77,1.54,0.75,0.31,0.12,0.11,0.07,332.23,54.55,78.78,1
3.65,0.95,0.04,0.15,0.07,0.05,0,170.68,52.66,53.12,1
3.22,1.05,0.39,0.16,0.07,0.09,0.02,222.18,56.85,147.36,1
6.1,0.98,0.04,0.22,0.09,0.1,0.02,152.03,58.27,54.49,1
3.37,1.04,0.29,0.06,0.05,0.04,0,282.5,109.75,241.04,1
9.67,1.95,0.28,0.01,0.00973,0.07,0.02,203.65,53.13,107.41,1
3.79,3.49,0.32,0.34,0.07,0.14,0.07,207.85,65.82,91.4,1
5.41,2.16,1.02,0.39,0.18,0.15,0.05,151.08,41.94,49.32,1
5.25,1.75,0.84,0.35,0.13,0.1,0.02,219.09,60.87,210.63,1
4.06,1.73,0.04,0.18,0.04,0.04,0.00824,164.72,49.29,81.98,1
6.06,3.24,0.29,0.01,0.03,0.03,0.1,204.96,78.52,112.93,1
10.75,1.42,0.37,0.43,0.05,0.09,0.00764,161.23,56.35,216.86,1
5.96,2.72,0.04,0.16,0.02,0.07,0.03,231.17,54.75,81.38,1
6.81,1.41,0.27,0.33,0.03,0.08,0.02,250.17,39.67,60.27,1
4.95,2.85,0.2,0.23,0.01,0.05,0.02,217.46,56.48,44.77,1
6.54,2.19,0.18,0.14,0.00351,0.06,0.00858,238.73,46.6,55.01,1
6.86,2.01,0.2,0.38,0.03,0.06,0.04,248.83,51.55,59,1
6.1,1.31,0.7,0.52,0.11,0.13,0.07,258.07,30.89,76.63,1
4.79,1.17,0.07,0.26,0.03,0.05,0.02,222.34,49.86,64.29,1
20.22,6.39,0.15,0.37,0.05,0.06,0.09,272.8,57.73,95.72,1
2.81,1.58,0.69,0.11,0.03,0.04,0.05,164.83,66.03,128.2,1
27.98,6.45,0.32,0.04,0.09,0.1,0.03,429.76,65.51,112.72,1
8.36,5.08,1.36,0.61,0.31,0.07,0.02,194.47,58.23,179.17,1
6.29,3.59,0.06,0.25,0.12,0.03,0.02,182.6,62.46,106.87,1
5.12,0.79,0.65,0.23,0.08,0.08,0.02,295.45,50.05,61.89,1
7.02,5.39,0.54,0.37,0.1,0.28,0.06,377.54,55.57,90.09,1
5.77,1.5,0.33,0.26,0.01,0.00642,0.03,190.56,49.9,64.04,1
5.01,1.76,0.2,0.23,0.00908,0.13,0.04,147.44,52.24,120.84,1
8.26,3.21,1.3,0.5,0.28,0.1,0.03,259.52,52.51,70.54,1
9.33,2.81,0.26,0.01,0.01,0.04,0.06,244.84,42.25,81.28,1
4.78,1.7,0.18,0.16,0.00353,0.06,0.02,190.26,50.4,79.35,1
4.21,3.69,0.44,0.34,0.18,0.24,0.02,251.91,69.59,94.77,1
7.6,2.2,0.86,0.49,0.27,0.2,0.06,341.57,68.26,117.19,1
8.37,1.74,0.05,0.21,0.06,0.06,0.06,149.16,50.48,83.42,1
10.56,2.12,0.02,0.11,0.06,0.06,0.05,367.53,70.78,72.24,1
15.37,3.71,0.11,0.31,0.03,0.02,0.0073,321.98,61.34,93.43,1
4.25,2.11,0.31,0.01,0.03,0.08,0.04,220.3,57.02,82.76,1
8.77,2.33,0.12,0.34,0.07,0.06,0.03,209.74,75.14,121.86,1
5.92,3.02,0.14,0.00859,0.03,0.03,0.02,183.36,48.2,32.82,1
8,5.38,1.05,0.55,0.03,0.07,0.02,210.23,47.12,67.86,1
5.38,2.67,0.31,0.01,0.02,0.04,0.03,151.93,39.8,108.37,1
6.56,2.82,0.8,0.43,0.22,0.17,0.04,303.44,65.94,102.46,1
1.72,1.18,0.48,0.41,0.11,0.13,0.05,301.47,66.98,54.62,1
6.47,4.34,0.2,0.01,0.04,0.06,0.04,216.43,72.87,78,1
3.15,0.7,0.26,0.16,0.06,0.06,0.01,165.47,51.4,53.45,1
3.35,1.44,0.95,0.21,0.08,0.12,0.05,64.04,22.54,24.34,1
5.93,2.62,0.19,0.00869,0.04,0.06,0.01,366.37,78.01,119.39,1
2.14,0.55,0.45,0.21,0.12,0.29,0.03,184.04,42.92,79.82,1
7.44,2.1,0.02,0.13,0.05,0.01,0.00682,162.64,43.36,58.86,1
5.63,0.95,1.47,0.32,0.06,0,0.03,304.34,55.67,122.46,1
7.24,2.9,1.04,0.46,0.33,0.15,0.04,303.24,80.38,164.59,1
4.12,1.56,0.26,0.33,0.02,0.16,0.06,184.65,48.52,17.65,1
6.71,2.41,0.36,0.23,0.02,0.1,0.00804,198.15,31.54,36.98,1
5.61,3.2,0.36,0.18,0.00459,0.02,0.02,169.07,60.03,55.35,1
2.99,1.13,0.15,0.15,0.00918,0.04,0.03,197.9,63.68,90.57,1
2.05,1.22,0.6,0.19,0.06,0.09,0.08,141.71,39.3,107.32,1
16.01,4.7,0.16,0.01,0.02,0.05,0.04,345.53,56.52,94.68,1
3.83,1.49,0.93,0.29,0.16,0.12,0.01,146.36,49.08,81.18,1
2.24,0.41,0.34,0.22,0.03,0.13,0,182.69,79.28,120.9,1
3.14,1.43,0.83,0.22,0.13,0.33,0.05,168.78,48.71,40.61,1
7.11,2.66,0.25,0.01,0.03,0.05,0.04,201.6,53.64,79.09,1
2.2,0.4,0.79,0.25,0.05,0.12,0.04,231.32,55.27,125.37,1
2.82,0.49,0.18,0.23,0.08,0.06,0.00845,166.47,50.68,42.01,1
4.09,0.94,0.66,0.24,0.07,0.07,0.02,268.79,47.16,112.62,1
5.35,2.54,0.14,0.00898,0.02,0.05,0.03,169.8,56.34,79.47,1
2.75,2.25,0.41,0.52,0.18,0.13,0.04,277.53,58.5,84.34,1
5.57,1.68,0.68,0.61,0.12,0.02,0.03,336.32,56.61,81.93,1
4.04,0.67,0.67,0.21,0.05,0.07,0.01,228.26,46.54,70.18,1
9.23,1.97,0.05,0.18,0.03,0.08,0.02,313.59,57.4,118.31,1
6.93,3.6,0.96,0.52,0.03,0.1,0.03,259.78,89.49,93.95,1
5.35,2.65,0.96,0.54,0.25,0.25,0.05,367.57,69.81,85.3,1
6.46,2.23,1.75,0.45,0.18,0.38,0.05,97.09,73.71,62.87,1
5.01,1.48,1.54,0.32,0.13,0.18,0.04,225.06,53.07,97.75,1
4.97,1.43,0.71,0.34,0.23,0.08,0.03,326.77,54.18,97.34,1
9.53,2.58,0.65,0.57,0.32,0.09,0.03,304.68,60.11,93.13,1
11.41,4.52,0.2,0.01,0.03,0.08,0.04,250.35,46.34,99.15,1
3.04,0.97,0.48,0.4,0.1,0.07,0.01,182.65,72.95,123.17,1
5.09,2.27,0.25,0.22,0.00634,0.06,0.03,264.85,79.7,191.16,1
6.18,1.58,0.23,0.00882,0.03,0.06,0.01,169.64,57.22,84.44,1
5.38,1.47,0.06,0.25,0.02,0.07,0.02,176.42,57.33,57.83,1
4.67,2.35,0.83,0.57,0.17,0.18,0.03,305.73,53.68,62.21,1
4.23,1.76,0.16,0.01,0.03,0.04,0.04,173.14,56.81,102.92,1
7.69,1.55,0.07,0.37,0.06,0.08,0.05,252.97,68.21,51.36,1
6.86,1,0.19,0.21,0.01,0.1,0.05,206.46,34.67,107.81,1
11.68,2.49,0.27,0.5,0.08,0.17,0.18,397.37,57.77,97.97,1
1.18,0.94,0.4,0.38,0.05,0.09,0.00473,254.57,96.22,113.87,1
7.2,1.5,0.51,0.18,0.2,0.66,0.03,173.52,36.18,35.06,1
6.78,2.12,1.16,0.48,0.3,0.18,0.04,276.34,104.47,89.34,1
8.51,1.61,0.98,0.74,0.3,0.18,0.07,203.36,53.88,80.16,1
9.59,1.96,0.03,0.21,0.13,0.04,0.00639,388.2,61.68,174.34,1
5.93,1.72,0.3,0.01,0.03,0.07,0.12,217.38,53.6,92.8,1
5.37,1.78,0.07,0.3,0.02,0.03,0.03,183.14,55.28,66.54,1
8.81,3.32,0.2,0.29,0.01,0.04,0.15,285.29,52.3,118.16,1
3.39,1.44,2.12,0.52,0.25,0.3,0.23,105.59,68.09,88.49,1
1.72,0.72,0.27,0.01,0.03,0.06,0.01,217.37,52.36,87.5,1
8.33,1.33,0.23,0.01,0.07,0.08,0.05,195.37,60.32,147.33,1
6.42,4.77,0.46,0.62,0.06,0.13,0.03,244.6,68.31,110.03,1
8.47,2.37,0.01,0.08,0.02,0.06,0.02,183.59,54,61.17,1
4.08,0.98,0.37,0.35,0.07,0.14,0.08,164.11,49.26,164.98,1
5.49,2.81,0.32,0.01,0.09,0.07,0.09,159.36,88.88,246.96,1
8.32,1.32,0.81,0.64,0.14,0.2,0.08,236.56,64.29,111.77,1
3.68,1.03,1.05,0.28,0.06,0.33,0.03,295.02,30.55,28.66,1
8.21,3.24,0.45,0.01,0.06,0.06,0.02,191.3,66.97,158.99,1
2.57,0.57,0.42,0.22,0.01,0.07,0.00711,118.31,78.06,97.49,1
6.08,2.33,0.13,0.00937,0.03,0.05,0.04,211.85,47.66,214.57,1
1.87,0.31,0.23,0.16,0.01,0.05,0,176.24,39.36,7.67,1
6.42,2.68,0.35,0.00703,0.02,0.03,0.03,265.39,36.63,52.68,1
6.55,1.98,0.03,0.2,0.03,0.04,0.06,325.02,68.41,77.44,1
6.79,4.45,0.89,0.67,0.13,0.35,0.09,257.26,72.29,65.53,1
1.93,1.09,0.79,0.47,0.14,0.14,0,306.46,56.93,57.73,1
5.51,3.22,0.17,0.01,0.05,0.04,0.09,183.77,56.13,147.14,1
5.06,1.62,0.3,0.49,0.03,0.08,0.1,194.9,54.95,87.63,1
11.07,2.62,0.16,0.01,0.02,0.02,0.08,240.96,79.33,127.88,1
5.81,2.94,0.67,0.64,0.23,0.2,0.04,123.74,38.93,69.86,1
8.25,2.89,0.34,0.01,0.04,0.07,0.06,290.89,67.68,104.67,1
2.78,0.43,0.48,0.23,0.01,0.05,0.02,189.75,65.44,26.1,1
4.41,3.1,0.42,0.01,0.06,0.06,0.07,240.39,41.54,56.67,1
4.28,2.33,0.19,0.01,0.02,0.03,0.0072,174.46,25.97,74.11,1
2.44,0.34,0.6,0.1,0.03,0.1,0.01,192.5,34.94,84.52,1
3.45,1.73,0.17,0.00592,0.02,0.04,0.04,163.58,46.85,35.13,1
7.81,3.84,0.39,0.24,0.05,0.04,0.03,176.7,56.26,82.1,1
7.95,3.07,0.39,0.00998,0.06,0.04,0.07,369.13,55.23,156.18,1
8.1,3.16,0.15,0.52,0.02,0.02,0.03,253.33,77.34,83.6,1
9.6,2.5,0.19,0.21,0.00366,0.02,0.04,231.75,50.52,52.81,1
12.79,3,0.09,0.25,0.00429,0.06,0.03,163.49,76.17,104.73,1
6.29,1.47,5.11,0.27,0.08,0.13,0.07,220.37,28.29,12.34,1
8.35,2.71,0.06,0.01,0.06,0.04,0.07,347.41,42.99,69.17,1
7.26,1.89,0.78,1.04,0.34,0.29,0.03,273.78,41.83,48.28,1
5.8,3.63,0.14,0.00859,0.04,0.06,0.05,304.5,148.78,356.91,1
7.07,2.3,1.78,1.1,0.48,0.18,0.04,232.65,47.41,42.3,1
3.93,1.56,6.91,0.08,0.02,0.06,0.12,209.97,49.04,28.56,1
4.2,2.47,8.79,0.16,0.04,0.00703,0.02,177.9,87.81,69.46,1
12.08,5.55,0.5,0.01,0.05,0.07,0.15,280.72,83.78,90.17,1
8.81,2.85,0.87,1.28,0.86,0.13,0.06,360.31,70.71,150.14,1
9.11,6.11,0.96,0.05,0.09,0.08,0.00225,233.11,39.48,42.27,1
4.98,1.9,10.13,0.11,0.03,0.03,0.02,296.17,67.16,206.08,1
7.9,4.01,0.61,3.07,0.04,0.11,0.04,176.38,65.01,61.89,1
8.87,1.63,0.54,2.93,0.14,0.39,0.06,1810.14,72.62,81.63,2
8.65,1.4,0.18,0.4,0.25,0.19,0.06,2332.65,50.33,75.68,2
2.6,0.12,0.29,0.48,0.03,0.02,0.02,191.98,80.85,118.38,2
11.52,1.69,0.44,1.08,0.59,0.46,0.05,3783.25,86.55,69.32,2
4.19,0.79,0.38,2.34,0.21,0.18,0.05,3499.84,78.49,46.05,2
3.14,1.41,1.34,1.89,0.13,0.17,0.06,182.26,40.89,74.29,2
4.08,0.73,1.25,1.97,0.11,0.17,0.01,247.45,53.31,142.53,2
1.85,0.9,2.66,1.33,0.04,0.37,0.03,87.22,39.94,56.95,2
3.96,1.31,0.93,2.85,0.28,0.86,0.05,2029.39,76.95,73.15,2
3.08,0.78,0.83,3.82,0.24,0.84,0.04,2688.41,64.28,72.09,2
5.04,1.12,0.8,2.01,0.24,0.43,0.00652,3534.98,77.98,111.79,2
10.29,1.24,1.23,4.28,0.34,0.74,0.14,5666.89,66.29,107.89,2
4.52,1.05,1.44,3.75,0.31,1.42,0.07,2370.28,82.07,80.37,2
3.89,0.99,1.34,2.98,0.18,0.23,0.1,243.22,62.51,162.89,2
8.79,0.87,0.69,2.91,0.31,0.67,0.02,3980.92,60.83,293.73,2
2.61,1.18,1.37,2.5,0.13,0.26,0.01,212.1,43.51,129.62,2
4.06,0.4,1.23,5.03,0.41,0.9,0.04,3042.08,75.84,120.9,2
3.54,0.79,2.62,3.96,0.21,0.43,0.02,201.7,55.64,144.63,2
3.31,0.73,0.78,3.33,0.26,1.28,0.01,3050.45,62.95,74.15,2
9.31,1.01,0.73,4.5,0.44,0.4,0.1,5551.42,57.13,174.99,2
6.45,0.7,0.85,3.94,0.44,0.76,0.05,2485.49,53.19,87.04,2
1.53,1.43,1.81,2.55,0.17,0.47,0.00675,80.48,51.58,154.08,2
14.11,2.4,1.86,5.05,0.37,1.1,0.03,4951.77,63.56,126.11,2
3.78,0.24,0.57,2.85,0.2,0.47,0.03,3759.81,81.93,97.32,2
4.32,1.6,2.65,4.72,0.14,0.36,0.02,365.25,72.36,89.34,2
2.3,0.94,1.97,3.68,0.31,0.55,0.02,258.26,62.05,110.85,2
4.51,1.34,0.83,5.71,0.61,2.19,0.06,2384.59,60.26,53.6,2
6.11,0.38,0.86,2.79,0.24,0.5,0.05,2663.46,61.1,48.54,2
2.09,0.67,1.53,5.43,0.12,0.85,0.02,111.19,33.66,57.64,2
1.64,0.67,5.15,4.05,0.19,1.01,0.02,78.54,51.46,56.06,2
5.72,1.99,1.55,9.1,0.72,0.69,0.09,2863.55,45.55,87.17,2
4.75,0.98,1.86,6.98,0.57,2.49,0.02,2894.99,92.75,105.95,2
5.01,1.32,2.64,9.31,0.54,2.6,0.02,2011.09,74.11,67.27,2
8.91,1.36,2.88,8.87,0.72,1.38,0.05,5959.36,56.73,169.29,2
9.74,0.88,3.04,11.23,0.79,1.97,0.04,4338.85,50.58,43.36,2
3.1,0.84,1.64,3.18,0.13,0.48,0.05,145.05,48.23,77.23,2
1.43,0.5,2.01,4.29,0.19,0.68,0.03,145.15,39.72,125.97,2
4.21,1.14,1.4,5.61,0.38,0.64,0.03,2162.8,69.04,68.76,2
2.97,0.69,3.02,6.47,0.36,0.99,0.05,173.03,60.27,107.4,2
3.33,0.91,1.82,3.81,0.14,0.28,0.05,216.28,48.82,171.49,2
2.5,0.41,2.59,7.14,0.32,0.35,0.08,119.24,90.21,113.3,2
4.13,0.34,0.73,4.62,0.41,0.46,0.04,1888.87,78.91,43.24,2
1.56,0.51,4.01,6.8,0.22,0.77,0.02,121.94,36.39,72.92,2
1.35,0.74,2.11,7.25,0.37,1,0.00378,80.99,33.65,67.64,2
4.44,0.78,2.64,11.3,0.98,2.27,0.00633,3086.73,47.78,67.05,2
3.71,0.78,4.02,7.31,0.29,1.23,0.04,178.14,29.6,49.08,2
7.3,1.36,3.55,9.64,0.7,4.47,0.02,4048.88,85.34,159.53,2
17.51,1.91,1,4.95,0.44,1.77,0.09,2742.7,74.05,94.24,2
5.83,1.16,2.78,8.9,0.64,2.14,0.01,3277.65,60.86,130.59,2
3.49,0.77,2.88,18.35,0.92,3.11,0.02,2197.27,59.26,78.57,2
3.19,0.83,8.72,11.51,0.6,1.67,0.04,164.44,36.91,57.7,2
11.63,0.36,0.76,10.22,1.03,0.84,0.04,2041.34,72.73,44.18,2
24.52,6.47,1.8,2.34,0.92,0.21,0.05,3035.55,52.49,65.03,2
14.83,94.67,1.52,0.13,0.16,0.19,0.26,103.88,58.66,66.26,7
4.09,9.56,0.32,0.08,0.1,0.03,0.11,110.79,38.68,77.02,7
7.27,13.9,0.71,0.19,0.16,0.08,0.08,86.1,36.08,64.13,7
26.09,41.35,0.3,0.14,0.12,0.11,0.32,1822.8,40.89,22.64,7
4.05,11.71,0.33,0.11,0.05,0.06,0.06,111.72,56.74,59.29,7
2.82,1.22,0.27,0.09,0.06,0.08,0.07,104.78,68.92,81.23,7
4.34,31.75,0.47,0.1,0.08,0.09,0.12,119.96,37.44,69.76,7
5.93,49.1,0.68,0.16,0.06,0.14,0.08,149.26,64.11,141.95,7
4.49,12.55,0.41,0.13,0.06,0.1,0.05,130.45,51.58,95.78,7
10.24,116.46,0.46,0.19,0.08,0.06,0.17,106.34,48.8,100.8,7
18.42,17.03,0.17,0.1,0.18,0.17,0.07,2005.61,50.95,62.35,7
0.6,1.08,0.13,0.11,0.07,0.04,0.04,95.7,17.2,121.12,7
44.11,151.57,0.41,0.21,0.16,0.17,0.22,2170.12,96.77,42.57,7
13.92,39.64,0.28,0.22,0.12,0.07,0.08,1864.72,48.32,60,7
16.05,17.91,0.19,0.16,0.24,0.13,0.06,2581.45,69.83,83.36,7
9.52,5.57,0.21,0.11,0.23,0.21,0.08,2455.82,56.49,51.54,7
9.45,93.96,0.51,0.17,0.28,0.16,0.2,1856.39,58.37,67.84,7
13.51,59.26,0.82,0.17,0.16,0.2,0.04,2709.46,79.56,109.45,7
17.08,34.48,0.34,0.22,0.21,0.27,0.06,2662.84,55.08,60.16,7
5.67,54.24,1.5,0.34,0.12,0.26,0.04,94.46,39.5,39.7,7
10.89,57.6,0.78,0.47,0.11,0.19,0.18,109.26,48.37,63.93,7
51.54,187.73,1.31,0.55,0.31,0.3,0.46,3042.66,69.7,86.39,7
8.92,18.46,0.22,0.12,0.18,0.35,0.11,2075.34,62.89,68.67,7
16.15,18.77,0.11,0.1,0.28,0.28,0.04,2300.72,64.34,111.63,7
5.46,34.21,0.79,0.27,0.09,0.23,0.07,99.38,40.84,57.81,7
8.48,41.89,0.21,0.22,0.12,0.16,0.09,91.34,59.84,98.73,7
15.35,64.74,0.62,0.29,0.28,0.33,0.08,2152.14,58.12,51.94,7
9.09,55.41,0.67,0.31,0.14,0.19,0.03,117.21,39.34,75.81,7
14.98,16.41,0.12,0.19,0.27,0.24,0.14,2429.44,66.62,71.79,7
13.64,74.17,0.51,0.27,0.21,0.39,0.09,1949.02,50.22,78.59,7
23.98,29.13,0.3,0.22,0.22,0.33,0.07,2199.84,84.13,86.66,7
16.07,52.74,0.45,0.26,0.29,0.32,0.09,2640.49,103.43,34.32,7
14.25,41.13,0.45,0.23,0.22,0.41,0.1,2971.19,63.78,69.67,7
4.29,3.78,0.23,0.19,0.17,0.25,0.03,2173.22,54.96,64.37,7
32.9,63.65,0.48,0.25,0.32,0.42,0.17,1997.2,63.67,59.6,7
11.61,46.6,0.34,0.26,0.24,0.26,0.13,1883.33,52.86,38.7,7
13.5,5.76,0.12,0.19,0.26,0.21,0.02,2812.7,46.16,58.18,7
9.72,41.28,0.78,0.3,0.17,0.35,0.03,144.67,50.1,65.84,7
4.5,2.97,0.25,0.2,0.32,0.26,0.03,3252.49,55.14,90.11,7
4.35,3.8,0.27,0.25,0.23,0.3,0.02,2622.43,46.93,75.88,7
15.56,162.01,0.69,0.32,0.43,0.35,0.24,1757.27,56.73,99.1,7
30.55,140.61,1.15,0.55,0.55,0.46,0.26,3598.73,71.03,65.07,7
68.62,222.46,0.85,0.54,0.39,0.52,0.29,2475.74,74.97,73.43,7
6.69,32.23,0.7,0.39,0.17,0.28,0.03,140.25,42.22,78.2,7
19.54,35.61,0.24,0.32,0.22,0.56,0.08,2635.76,53.71,80.09,7
8,25.83,0.28,0.38,0.45,0.27,0.07,3793.42,46.43,38.29,7
26.1,40.07,0.28,0.38,0.43,0.23,0.08,3288.26,60.88,46.04,7
37.26,214.38,0.58,0.59,0.57,0.38,0.14,4114.02,73.14,62.1,7
10.07,16.72,0.28,0.27,0.27,0.52,0.03,1976.51,94.67,78.14,7
10.14,24.05,0.47,0.57,0.54,0.36,0.05,1302.06,58.26,48.9,7